Total users read: 2268955

20 Most Common Passwords:
Password
123456        18334
sharethi      11398
password       7314
12345678       6826
111111         1370
123123         1246
abc123         1226
qwerty         1134
buildawall     1082
1234567        1055
sunshine        955
pakistan        887
1q2w3e4r        876
testing1        771
admin123        753
p@ssw0rd        737
iloveyou        689
passw0rd        689
000000          682
test123         681
Name: count, dtype: int64

Password Length Distribution:
length
1         728
2         668
3        1432
4        2522
5        4109
6      304811
7      235971
8     1494848
9       70485
10      57787
11      34706
12      23603
13      13247
14       8647
15       5382
16       2800
17       1694
18       1303
19       1006
20        704
21        543
22        394
23        325
24        257
25        171
26        169
27        148
28        115
29         98
30         85
31         40
32         35
33         24
34         13
35         15
36          8
37         16
38          2
39         11
40          2
41          2
42          2
43          6
44          3
45          2
46          2
48          3
49          3
51          3
53          1
55          1
56          1
74          1
85          1

Password mask:
mask                  d        ds          l         ld       lds        ls        lu        lud      luds       lus         s  total         u        ud       uds        us         z
Length Group                                                                                                                                                                           
smaller       12.041442  0.496881  60.725235  11.111111  1.120626  3.118723  5.317687   0.740036  0.063432  0.095147  1.184058  100.0  2.759277  0.370018  0.010572  0.264299  0.581457
6             27.871369  0.090876  41.673693  28.474366  0.484563  0.388765  0.431415   0.369737  0.006233  0.007874  0.029526  100.0  0.071192  0.090548  0.005577  0.004265       NaN
7              9.512186  0.173750  39.852355  46.264160  1.857855  0.810269  0.459802   0.802641  0.020341  0.022037  0.007204  100.0  0.060177  0.142814  0.009323  0.005085       NaN
8              7.108683  0.133860  34.109421  51.637156  3.775166  1.824199  0.143961   1.123726  0.039335  0.008830  0.006021  100.0  0.015921  0.071445  0.001672  0.000602       NaN
9              1.864226  0.429879  15.543733  55.062779  1.204512  0.279492  2.245868  19.597077  2.335249  0.119174       NaN  100.0  0.184436  1.075406  0.052493  0.005675       NaN
10             2.639002  0.244000  19.397096  52.217627  1.690692  0.410127  2.003911  18.090574  2.118123  0.121135       NaN  100.0  0.154014  0.861786  0.041532  0.010383       NaN
bigger         1.545076  0.286629  19.694751  52.305584  3.352721  0.441450  1.846350  16.973869  2.342197  0.160052       NaN  100.0  0.108793  0.887085  0.051258  0.004184       NaN

Simple entropy table:
simple_entropy
(-0.34, 17.0]      436386
(17.0, 34.0]      1753293
(34.0, 51.0]        66336
(51.0, 68.0]         9469
(68.0, 85.0]         2202
(85.0, 102.0]         813
(102.0, 119.0]        285
(119.0, 136.0]         92
(136.0, 153.0]         38
(153.0, 170.0]         21
(170.0, 187.0]          8
(187.0, 204.0]          7
(204.0, 221.0]          3
(323.0, 340.0]          2

Shannon Entropy table:
shannon_entropy
(-0.00486, 0.243]      8252
(0.243, 0.486]           28
(0.486, 0.729]         1276
(0.729, 0.972]         3260
(0.972, 1.214]         9085
(1.214, 1.457]         5890
(1.457, 1.7]          32593
(1.7, 1.943]          78727
(1.943, 2.186]       103458
(2.186, 2.429]       268569
(2.429, 2.672]       504045
(2.672, 2.915]       697251
(2.915, 3.158]       484162
(3.158, 3.401]        52575
(3.401, 3.643]        15968
(3.643, 3.886]         3073
(3.886, 4.129]          570
(4.129, 4.372]          151
(4.372, 4.615]           15
(4.615, 4.858]            7

Password in most 100 most commmon:
   common    count
0   False  2212828
1    True    56127

Score Distribution:
score
0     172974
1     938101
2    1047977
3      78301
4      31602
Name: Password, dtype: int64

Guesses Interval Count:
guesses
(2.0, 2604.951]                                      209332
(2604.951, 3392885.667]                             1108554
(3392885.667, 4419150982.882]                        891793
(4419150982.882, 5755836573433.375]                   32717
(5755836573433.375, 7496837014260638.0]                6070
(7496837014260638.0, 9.764447704751823e+18]            1300
(9.764447704751823e+18, 1.2717955425397056e+22]         444
(1.2717955425397056e+22, 1.6564827330036627e+25]        184
(1.6564827330036627e+25, 2.157528433587522e+28]         100
(2.157528433587522e+28, 2.8101282609194172e+31]          42
(2.8101282609194172e+31, 3.6601236488397745e+34]         15
(3.6601236488397745e+34, 4.767221948941657e+37]           7
(4.767221948941657e+37, 6.209190533132713e+40]            1
(6.209190533132713e+40, 8.08731951011932e+43]             3
(8.08731951011932e+43, 1.0533536780640235e+47]            2
(1.0533536780640235e+47, 1.3719675223696416e+50]          1
