Total users read: 22077067

20 Most Common Passwords:
Password
12345          2493943
123456          597969
123456789       501995
12345678        278672
1234567890      172798
dubsmash        144142
1234567         110492
password         95164
qwerty           95056
00000            77945
11111            75775
55555            67923
qwertyuiop       54889
12345678910      38009
54321            35063
maria            34693
asdfghjkl        33732
hello            27366
iloveyou         26307
qwert            26044
Name: count, dtype: int64

Password Length Distribution:
length
1         414
2          45
3         411
4         176
5     4320873
6     4126168
7     2236360
8     4855478
9     2950789
10    1953916
11     777322
12     456694
13     194608
14      99260
15      50560
16      26513
17       8512
18       8315
19       3223
20       2847
21        190
22        145
23         60
24         54
25         21
26        929
27          8
28       3122
29          6
30         16
31          1
32          5
34          4
38          4
40          1
42          6
46          3
48          2
50          3
54          1
62          1
86          1

Password mask:
mask                  d        ds          l         ld       lds        ls        lu        lud      luds       lus         s  total         u        ud       uds        us
Length Group                                                                                                                                                                 
smaller       67.883156  0.000255  31.670862   0.285452  0.000509  0.000902  0.149795   0.002800  0.000069  0.000162  0.000740  100.0  0.004350  0.000879  0.000023  0.000046
6             30.563613  0.005913  56.820881  11.572578  0.030561  0.040183  0.596437   0.257866  0.003878  0.003587  0.002302  100.0  0.041831  0.059086  0.000872  0.000412
7              9.699065  0.022492  62.841269  25.210118  0.152346  0.115232  0.809977   0.935493  0.027500  0.011537  0.000402  100.0  0.048516  0.121313  0.003577  0.001163
8             14.399962  0.030357  32.311196  42.577291  0.462385  0.135805  0.879090   8.392974  0.471365  0.022923  0.000618  100.0  0.064978  0.238061  0.011616  0.001380
9             20.199852  0.033652  24.043874  43.021307  0.693916  0.208385  0.524741  10.108042  0.823712  0.030060  0.000102  100.0  0.051037  0.247053  0.012166  0.002101
10            19.616862  0.063821  23.852049  42.642109  0.795838  0.244432  0.456161  11.023555  0.938321  0.031015  0.000972  100.0  0.068785  0.250727  0.013716  0.001638
bigger         5.463182  0.037061  26.892370  47.725946  1.288809  0.492638  0.717945  15.307359  1.610966  0.056235  0.000061  100.0  0.087599  0.298143  0.018071  0.003614

Simple entropy table:
simple_entropy
(-0.352, 17.576]       9422390
(17.576, 35.152]      11562453
(35.152, 52.728]       1020302
(52.728, 70.304]         64309
(70.304, 87.88]           3371
(87.88, 105.457]           141
(105.457, 123.033]        4067
(123.033, 140.609]          12
(140.609, 158.185]           5
(158.185, 175.761]           7
(175.761, 193.337]           6
(193.337, 210.913]           1
(210.913, 228.489]           1
(228.489, 246.065]           1
(333.946, 351.522]           1

Shannon Entropy table:
shannon_entropy
(-0.0047, 0.235]     556779
(0.235, 0.47]           137
(0.47, 0.705]          3380
(0.705, 0.94]         40876
(0.94, 1.175]        197341
(1.175, 1.41]         64260
(1.41, 1.645]        438494
(1.645, 1.88]        248688
(1.88, 2.115]       1081605
(2.115, 2.35]       5400361
(2.35, 2.585]       4204226
(2.585, 2.82]       3687441
(2.82, 3.055]       3059611
(3.055, 3.29]       2260299
(3.29, 3.525]        741739
(3.525, 3.76]         82687
(3.76, 3.995]          6753
(3.995, 4.23]           618
(4.23, 4.465]           860
(4.465, 4.7]            912

Password in most 100 most commmon:
   common     count
0   False  17035093
1    True   5041974

Score Distribution:
score
0    9227129
1    7687382
2    3179146
3    1639367
4     344043
Name: Password, dtype: int64

Guesses Interval Count:
guesses
(2.0, 36100.392]                                    13550897
(36100.392, 651619136.095]                           6887397
(651619136.095, 11761852986859.967]                  1004198
(11761852986859.967, 2.123037492628879e+17]            25239
(2.123037492628879e+17, 3.8321242410896835e+21]          664
(3.8321242410896835e+21, 6.9170592842253355e+25]          42
(6.9170592842253355e+25, 1.2485427436946337e+30]        3135
(1.2485427436946337e+30, 2.2536440975539586e+34]           7
(2.2536440975539586e+34, 4.067871720122694e+38]            4
(4.067871720122694e+38, 7.342588099573592e+42]             9
(7.342588099573592e+42, 1.325351528006729e+47]             6
(1.325351528006729e+47, 2.392285457074395e+51]             1
(7.794294914162617e+59, 1.4068854924356178e+64]            1
