Total users read 5000001 
20 most common passwords 
Contraseña
123456        45732
linkedin       8705
password       7701
123456789      6479
12345678       3869
111111         3434
1234567        2991
zzzzzzzz       2149
sunshine       2084
654321         2076
qwerty         1996
000000         1978
abc123         1600
charlie        1453
666666         1415
1234567890     1368
123123         1343
linked         1329
maggie         1271
princess       1210
Name: count, dtype: int64 
Length: 
Longitud
6     1381436
7      915474
8     1611799
9      597851
10     265676
11      99810
12      71244
13      27219
14      15235
15       7395
16       4474
17        695
18        476
19        264
20        229
21        171
22        136
23        106
24         88
25         62
26         43
27         38
28         27
29         11
30          9
31         12
32          4
33          7
34          4
35          2
36          1
37          1
40          1
41          1
Name: count, dtype: int64 
table 
mask                  d        ds          l         ld       lds        ls        lu       lud      luds       lus         s  total         u        ud       uds        us         z
Length Group                                                                                                                                                                          
7             27.792167  0.016215  45.186603  22.075796  0.058924  0.154549  1.950072  1.251451  0.003547  0.015925  0.015419  100.0  1.094079  0.382428  0.000290  0.002316  0.000217
8              7.157822  0.044567  48.544033  36.354501  0.192250  0.241623  2.436334  3.432211  0.023267  0.038996  0.003277  100.0  1.045251  0.482373  0.001529  0.001748  0.000218
9             11.710145  0.018799  31.523037  46.111271  0.399554  0.195000  1.410660  7.290859  0.279439  0.053419  0.003474  100.0  0.545105  0.452290  0.003971  0.002978       NaN
10             3.454874  0.031279  36.936461  46.818522  0.522705  0.253575  1.668643  8.833137  0.203562  0.069917  0.004014  100.0  0.690975  0.505477  0.004349  0.002509       NaN
other          2.305443  0.048841  43.519286  41.944630  0.718222  0.631686  1.565942  7.488028  0.236705  0.106193  0.012767  100.0  0.913990  0.491041  0.006485  0.010741       NaN