Total users read: 3175293

20 Most Common Passwords:
Password
123456            68201
123456789         41139
Sojdlg123aljg     10356
x4ivygA51F         6611
123123             6434
1234567890         6281
12345678           5840
1234567            5766
g9l2d1fzPY         5226
12345              4958
111111             3804
qwerty             3783
1234               3352
baili123com        3236
zc4dpileq4hg00     3044
123                2770
password           2682
k47Rizxt2G         2663
000000             2655
123321             2512
Name: count, dtype: int64

Password Length Distribution:
length
1       1381
2       1495
3       8476
4      30960
5      37401
6     552386
7     343515
8     803421
9     513293
10    449132
11    187157
12    117023
13     62130
14     33405
15     17114
16      8745
17      1456
18      1779
19       533
20       854
21       148
22       351
23        42
24       283
25        32
26       216
27        47
28       341
29        16
30       235
31        14
32        65
34       104
36        68
38       927
40        15
42        96
44        10
46        33
48        88
50        13
52         5
54       178
58         5
60       143
62         6
66       156

Password mask:
mask                  d        ds          l         ld       lds        ls        lu        lud      luds       lus         s  total         u        ud       uds        us
Length Group                                                                                                                                                                 
smaller       39.564437  0.105378  52.816981   3.872643  0.032617  0.168103  0.930839   0.109142       NaN  0.008782  0.094088  100.0  2.123869  0.153049  0.001255  0.018818
6             44.954796  0.071689  36.892499  14.976303  0.087077  0.172162  0.927612   0.548711  0.008690  0.012129  0.047793  100.0  0.937931  0.351023  0.003259  0.008328
7             25.269057  0.211053  41.182481  28.130358  0.424727  0.375238  1.061380   1.614777  0.033477  0.034642  0.014264  100.0  0.962694  0.659942  0.013682  0.012227
8             22.983716  0.108909  20.926886  27.464430  0.484926  0.252670  0.674615  25.704830  0.376888  0.030121  0.013816  100.0  0.411241  0.543800  0.013194  0.009957
9             17.135242  0.125075  20.593891  29.579986  0.694340  0.369380  0.589916  29.144757  0.835780  0.040717  0.009351  100.0  0.361002  0.499520  0.011884  0.009157
10            13.453506  0.229109  16.266710  24.565161  0.595371  0.351344  0.411460  42.579687  0.754344  0.032284  0.026050  100.0  0.284326  0.419253  0.018035  0.013359
bigger         7.557055  0.198694  20.537165  31.553616  1.030350  0.735536  0.491894  35.134026  1.904880  0.054399  0.013369  100.0  0.305187  0.440723  0.022128  0.020976

Simple entropy table:
simple_entropy
(-0.285, 14.262]       463036
(14.262, 28.525]      1805425
(28.525, 42.787]       788934
(42.787, 57.049]       104254
(57.049, 71.312]         9356
(71.312, 85.574]          952
(85.574, 99.837]          705
(99.837, 114.099]         342
(114.099, 128.361]        426
(128.361, 142.624]        156
(142.624, 156.886]       1043
(156.886, 171.148]         35
(171.148, 185.411]        109
(185.411, 199.673]        185
(199.673, 213.935]         15
(213.935, 228.198]        147
(228.198, 242.46]         162
(242.46, 256.723]           2
(270.985, 285.247]          9

Shannon Entropy table:
shannon_entropy
(-0.00491, 0.245]     31010
(0.245, 0.491]          251
(0.491, 0.736]         2742
(0.736, 0.981]         8617
(0.981, 1.227]        26824
(1.227, 1.472]        24856
(1.472, 1.717]        80669
(1.717, 1.963]       152905
(1.963, 2.208]       138030
(2.208, 2.453]       375488
(2.453, 2.699]       614869
(2.699, 2.944]       650748
(2.944, 3.189]       753056
(3.189, 3.435]       247885
(3.435, 3.68]         56991
(3.68, 3.926]          9397
(3.926, 4.171]          678
(4.171, 4.416]          204
(4.416, 4.662]           18
(4.662, 4.907]           55

Password in most 100 most commmon:
   common    count
0   False  2968132
1    True   207161

Score Distribution:
score
0     395261
1    1282206
2     842050
3     527999
4     127777
Name: Password, dtype: int64

Guesses Interval Count:
guesses
(2.0, 3621.997]                                      425402
(3621.997, 6559432.161]                             1508801
(6559432.161, 11879122734.893]                      1052936
(11879122734.893, 21513075138651.43]                 104762
(21513075138651.43, 3.896014985701189e+16]            12047
(3.896014985701189e+16, 7.055677847532403e+19]          683
(7.055677847532403e+19, 1.2777822998850558e+23]         350
(1.2777822998850558e+23, 2.3140620096063105e+26]        307
(2.3140620096063105e+26, 4.190763156435099e+29]         499
(4.190763156435099e+29, 7.589466384404117e+32]           93
(7.589466384404117e+32, 1.3744513314133072e+36]         141
(1.3744513314133072e+36, 2.489129494407974e+39]         901
(2.489129494407974e+39, 4.507810133634033e+42]           23
(4.507810133634033e+42, 8.163638029497713e+45]           26
(8.163638029497713e+45, 1.4784337383556927e+49]          13
(1.4784337383556927e+49, 2.677441492151598e+52]          12
(2.677441492151598e+52, 4.848842905782144e+55]            6
(4.848842905782144e+55, 8.781247916666935e+58]            6
(8.781247916666935e+58, 1.5902828050381604e+62]           6
(1.5902828050381604e+62, 2.8800000000000043e+65]          4
