Total users read: 129949

20 Most Common Passwords:
Password
123456789       176
12345678        165
123456           93
az123456789      82
Ex@cutive69      70
abcd2014         62
latadevi778      32
1234567890       31
booking.com      31
qwertyuiop       31
password         28
1q2w3e4r         24
P@ssw0rd         23
booking123       22
224042540        21
bBooking18!      19
UNKNOWN          18
abcd1234         17
Qwerty123        17
qu6qu6gj4ao6     16
Name: count, dtype: int64

Password Length Distribution:
length
1       106
2        92
3        96
4       274
5       225
6      1805
7      1433
8     32181
9     21841
10    23934
11    15729
12    11657
13     6905
14     4651
15     4697
16     1879
17      895
18      593
19      347
20      300
21      104
22       95
23       54
24       26
25       12
26        9
27        4
28        2
30        2
31        1

Password mask:
mask                  d        ds          l         ld       lds        ls         lu        lud       luds       lus         s  total         u        ud       uds        us         z
Length Group                                                                                                                                                                             
smaller       35.056747  0.504414  33.669609   4.413619       NaN  0.378310  14.627995   2.522068        NaN  0.504414  1.639344  100.0  5.296343  0.882724  0.126103  0.252207  0.126103
6             47.423823  0.277008  27.811634  16.343490  0.332410       NaN   2.770083   2.603878   0.277008  0.277008       NaN  100.0  0.609418  1.052632  0.221607       NaN       NaN
7             22.051640  0.279135  32.240056  30.286113  0.907188  0.558269   4.117237   4.884857   0.907188  0.279135  0.069784  100.0  1.605024  1.465457  0.139567  0.209351       NaN
8             14.452627  0.292098   9.747988  46.381405  2.231130  0.320065   0.888723  19.589199   3.601504  0.127404  0.015537  100.0  0.217520  1.867562  0.251701  0.009322  0.006215
9              4.866993  0.325077   8.126917  45.826656  3.882606  0.283870   0.819560  23.039238   9.871343  0.187720  0.027471  100.0  0.206035  2.142759  0.361705  0.032050       NaN
10             5.247765  0.225620   5.728253  34.089580  3.371772  0.267402   0.551517  31.194117  17.013454  0.150414  0.012534  100.0  0.142057  1.583521  0.405281  0.012534  0.004178
bigger         1.155081  0.156374   4.905967  29.475418  4.117843  0.550436   0.667195  31.541637  25.126142  0.377382       NaN  100.0  0.125099  1.123806  0.612985  0.062550  0.002085

Simple entropy table:
simple_entropy
(-0.123, 6.131]         498
(6.131, 12.262]        1209
(12.262, 18.394]       4592
(18.394, 24.525]      34216
(24.525, 30.656]      30223
(30.656, 36.787]      27440
(36.787, 42.918]      12304
(42.918, 49.05]        9152
(49.05, 55.181]        4111
(55.181, 61.312]       4093
(61.312, 67.443]        930
(67.443, 73.574]        520
(73.574, 79.706]        313
(79.706, 85.837]        173
(85.837, 91.968]         90
(91.968, 98.099]         50
(98.099, 104.23]         18
(104.23, 110.361]         8
(110.361, 116.493]        6
(116.493, 122.624]        3

Shannon Entropy table:
shannon_entropy
(-0.00464, 0.232]      238
(0.232, 0.464]           3
(0.464, 0.697]          37
(0.697, 0.929]          98
(0.929, 1.161]         338
(1.161, 1.393]         108
(1.393, 1.625]         957
(1.625, 1.858]         886
(1.858, 2.09]         2458
(2.09, 2.322]         5365
(2.322, 2.554]       12079
(2.554, 2.786]       22124
(2.786, 3.019]       28567
(3.019, 3.251]       25382
(3.251, 3.483]       21555
(3.483, 3.715]        7059
(3.715, 3.947]        2415
(3.947, 4.179]         256
(4.179, 4.412]          20
(4.412, 4.644]           4

Password in most 100 most commmon:
   common   count
0   False  129174
1    True     775

Score Distribution:
score
0     2256
1    23788
2    39010
3    39607
4    25288
Name: Password, dtype: int64

Guesses Interval Count:
guesses
(2.0, 48.526]                                        857
(48.526, 1177.408]                                  1375
(1177.408, 28567.714]                               8038
(28567.714, 693144.843]                            13230
(693144.843, 16817928.305]                         23485
(16817928.305, 408057154.674]                      34266
(408057154.674, 9900781978.606]                    20047
(9900781978.606, 240224886796.286]                 14586
(240224886796.286, 5828630138607.608]               6616
(5828630138607.608, 141421356237309.5]              3224
(141421356237309.5, 3431337985837229.5]             2912
(3431337985837229.5, 8.325532074018731e+16]          596
(8.325532074018731e+16, 2.020042461617265e+18]       290
(2.020042461617265e+18, 4.901274189394899e+19]       125
(4.901274189394899e+19, 1.189207115002721e+21]       137
(1.189207115002721e+21, 2.8853998118144274e+22]       43
(2.8853998118144274e+22, 7.000910076122174e+23]       11
(7.000910076122174e+23, 1.6986464646342473e+25]       15
(1.6986464646342473e+25, 4.121463896037726e+26]        1
(4.121463896037726e+26, 1e+28]                         2
