Total users read: 14075920

20 Most Common Passwords:
Password
g_czechout         159606
password           121199
BvtTest123          48957
livetest            38303
unknown             12113
cafepress            7805
pvtagent25           6850
password1            6400
sunshine             6247
123456               5582
princess             4887
123456789            4834
charlie              4484
defaultPassw0rd      4360
12345678             3964
test1                3672
michael              3552
shopping             3550
baseball             3449
iloveyou             3052
Name: count, dtype: int64

Password Length Distribution:
length
1          4445
2          5050
3          8552
4         39327
5         95161
6        619857
7       2066856
8       4363936
9       2526239
10      2315007
11       812233
12       522810
13       229443
14       118676
15       153072
16        74680
17        24876
18        21484
19        14976
20        17330
21         8571
22         9092
23         5718
24         5458
25         2598
26         1137
27          923
28          832
29          741
30          876
31          324
32         3307
33          307
34          403
35          167
36          124
37           95
38          101
39           90
40          222
41           76
42           61
43           71
44           56
45           38
46           21
47           12
48           11
49           29
50            9
51           12
52           10
53           11
54            9
55           21
56            8
57           11
58           27
59            6
60           45
61           13
62           12
63           10
64           23
65           12
66            3
67            8
68           15
69            8
70            5
71            7
72            6
73            6
74            7
75            7
76            2
77            2
78            5
79            2
80            1
81            1
82            3
83            1
84            1
85            3
87            1
88            5
89            1
90            1
91            1
92            2
93            2
94            1
95            1
96            2
97            1
98            2
100           1
102           1
103           2
106           1
108           1
120           1
127           1
128          24
130           1
136           1
137           1
138           1
139           3
140           1
146           1
149           3
150           3
154           2
169           1
173           1
177           1
188           1
223           1
225           1
232           1
242           1
243           3
246           2
253           1
254           1
256           1
257           1
258           1
259           1
260           2
261           2
262           2
264           4
265           1
266           1
269           1
270           2
271           1
273           1
274           1
284           2
286           1
292           3
336           1
469           1
661           1
1075          1
1407          1

Password mask:
mask                  d        ds          l         ld       lds        ls        lu        lud      luds       lus         s  total         u        ud       uds        us
Length Group                                                                                                                                                                 
smaller       18.173534  0.388763  50.071131  12.770184  0.194054  1.529485  8.461009   3.036680  0.082604  0.334349  0.305504  100.0  3.295637  1.120399  0.084571  0.152096
6             10.823141  0.134870  46.378278  30.378781  0.150841  0.439618  4.748031   4.329224  0.113897  0.162134  0.007421  100.0  1.234478  1.066375  0.011132  0.021779
7              3.385141  0.128069  36.162316  45.849396  0.796137  0.951977  3.064655   6.137631  0.548514  0.511792  0.001597  100.0  0.745528  1.652752  0.042528  0.021966
8              3.058248  0.040743  23.451925  49.830818  1.198964  0.450854  1.892855  16.149045  1.327242  0.229793  0.001764  100.0  0.420721  1.859445  0.078805  0.008776
9              2.154309  0.096784  16.082247  49.441284  2.468135  0.752027  1.577958  18.967129  6.336059  0.476637  0.001227  100.0  0.296528  1.231831  0.104226  0.013617
10             2.518653  0.347515  11.404544  49.497043  2.202067  7.645506  1.743969  17.573597  4.971648  0.254988  0.001253  100.0  0.263585  1.489801  0.074211  0.011620
bigger         4.449296  0.428159  14.291825  37.953522  4.432018  1.970278  2.035895  22.443773  9.514150  0.802367  0.002658  100.0  0.264141  1.174950  0.178490  0.058479

Simple entropy table:
simple_entropy
(-8.41, 420.502]        14075813
(420.502, 841.003]            60
(841.003, 1261.505]            5
(1261.505, 1682.007]          34
(1682.007, 2102.508]           4
(2523.01, 2943.511]            1
(3784.515, 4205.016]           1
(6307.525, 6728.026]           1
(7989.531, 8410.033]           1

Shannon Entropy table:
shannon_entropy
(-0.00541, 0.271]      17256
(0.271, 0.541]          1407
(0.541, 0.812]          6161
(0.812, 1.083]         29187
(1.083, 1.353]          5801
(1.353, 1.624]         95605
(1.624, 1.895]        107920
(1.895, 2.165]        486301
(2.165, 2.436]       1061105
(2.436, 2.707]       2398792
(2.707, 2.978]       5184365
(2.978, 3.248]       3373890
(3.248, 3.519]       1061290
(3.519, 3.79]         204076
(3.79, 4.06]           34152
(4.06, 4.331]           7000
(4.331, 4.602]          1336
(4.602, 4.872]           163
(4.872, 5.143]            87
(5.143, 5.414]            26

Password in most 100 most commmon:
   common     count
0   False  13848664
1    True    227256

Score Distribution:
score
0     907579
1    5613370
2    4306001
3    2548860
4     700110
Name: Password, dtype: int64

Guesses Interval Count:
Empty DataFrame
Columns: []
Index: []
