Total users read: 482910

20 Most Common Passwords:
Password
123456           6475
iG4abOX4         2347
v3xAfy4k3Y       2328
123456789        2119
W5tn36alfW       1714
htcmania         1573
3rJs1la7qE       1566
12345678         1155
3d8Cubaj2E        936
d68pyfuH2V        721
000000            696
htc123            665
12345             567
111111            560
qwerty            501
ssyu1314          452
lydcc20091314     451
kIkeunyw          449
1234567Qq         444
1234567890        437
Name: count, dtype: int64

Password Length Distribution:
length
5       8192
6      98114
7      53296
8     144225
9      59318
10     75624
11     19487
12     11809
13      6182
14      3303
15      1652
16       929
17       273
18       144
19        54
20        47
21        17
22        16
23        20
24        29
25        41
26        35
27        31
28        26
29        29
30         8
31         9

Password mask:
mask                  d        ds          l         ld       lds        ls        lu        lud      luds       lus         s  total         u        ud       uds        us
Length Group                                                                                                                                                                 
smaller       35.913086  0.073242  54.760742   5.212402  0.012207  0.048828  1.379395   0.280762  0.012207  0.012207  0.024414  100.0  2.111816  0.158691       NaN       NaN
6             47.259311  0.048923  38.439978  11.383697  0.060134  0.087653  0.696129   0.441323  0.006115  0.011211  0.020384  100.0  1.285240  0.249710  0.009173  0.001019
7             17.145752  0.153858  53.371735  23.468928  0.495347  0.225158  1.287151   1.720579  0.060042  0.045032       NaN  100.0  1.452267  0.555389  0.013134  0.005629
8             36.691974  0.124112  26.263131  27.037615  0.519327  0.203848  1.073323   6.531461  0.229503  0.038135  0.002773  100.0  0.666320  0.590744  0.022881  0.004854
9             10.349304  0.224215  34.107691  41.515223  1.223912  0.392798  1.078931   8.651674  0.676017  0.052261  0.005057  100.0  0.824370  0.831114  0.057318  0.010115
10             3.554427  0.134878  16.443193  24.668095  0.785465  0.197027  0.626785  52.111763  0.483973  0.038348  0.005289  100.0  0.351740  0.558024  0.038348  0.002645
bigger         2.806914  0.178972  30.085408  50.157450  2.154460  0.570898  1.239211  10.244444  1.023991  0.079291  0.002265  100.0  0.498403  0.890329  0.063433  0.004531

Simple entropy table:
simple_entropy
(-0.132, 6.588]         7723
(6.588, 13.177]        41260
(13.177, 19.765]      152679
(19.765, 26.354]      134400
(26.354, 32.942]       85564
(32.942, 39.531]       43871
(39.531, 46.119]       11080
(46.119, 52.708]        4182
(52.708, 59.296]        1434
(59.296, 65.885]         313
(65.885, 72.473]         107
(72.473, 79.062]          37
(79.062, 85.65]           25
(85.65, 92.239]           23
(92.239, 98.827]          27
(98.827, 105.416]         47
(105.416, 112.004]        37
(112.004, 118.593]        46
(118.593, 125.181]        30
(125.181, 131.77]         25

Shannon Entropy table:
shannon_entropy
(-0.00435, 0.217]      3897
(0.435, 0.652]          665
(0.652, 0.87]           456
(0.87, 1.087]          5182
(1.087, 1.305]         1356
(1.305, 1.522]         8991
(1.522, 1.74]          4863
(1.74, 1.957]         31050
(1.957, 2.175]        23228
(2.175, 2.392]        56428
(2.392, 2.61]        102197
(2.61, 2.827]         84567
(2.827, 3.045]        70064
(3.045, 3.262]        54247
(3.262, 3.48]         32218
(3.48, 3.697]          2660
(3.697, 3.915]          629
(3.915, 4.132]          153
(4.132, 4.35]            59

Password in most 100 most commmon:
   common   count
0   False  465060
1    True   17850

Score Distribution:
score
0     46475
1    209289
2    128765
3     84119
4     14262
Name: Password, dtype: int64

Guesses Interval Count:
guesses
(2.0, 63.037]                                       12940
(63.037, 1986.816]                                  34477
(1986.816, 62621.198]                              112732
(62621.198, 1973718.289]                           111406
(1973718.289, 62208389.46]                          77936
(62208389.46, 1960707230.034]                       69772
(1960707230.034, 61798302050.452]                   47920
(61798302050.452, 1947781942055.553]                 6272
(1947781942055.553, 61390918001280.93]               1999
(61390918001280.93, 1934941859591653.8]               524
(1934941859591653.8, 6.098621949132424e+16]           162
(6.098621949132424e+16, 1.922186420954725e+18]         48
(1.922186420954725e+18, 6.05841888170876e+19]          15
(6.05841888170876e+19, 1.909515068159461e+21]          24
(1.909515068159461e+21, 6.018480839178269e+22]         52
(6.018480839178269e+22, 1.8969272468988503e+24]        50
(1.8969272468988503e+24, 5.978806074455407e+25]        50
(5.978806074455407e+25, 1.884422406519999e+27]         32
(1.884422406519999e+27, 5.939392851971886e+28]         17
(5.939392851971886e+28, 1.8720000000000032e+30]         6
