Total users read: 1207367

20 Most Common Passwords:
Password
123456         35411
123456789      23372
1234567890      4396
baili123com     4097
bleach          3134
12345678        3034
123123          3032
3Odi15ngxB      2756
1234567         2734
jjcG16dj5K      2505
qwerty          1881
yuantuo2012     1875
naruto          1723
110110jp        1720
0123456789      1702
ichigo          1673
111111          1630
8hqYo1ni6O      1553
password        1460
123123123       1276
Name: count, dtype: int64

Password Length Distribution:
length
3         19
4         64
5        171
6     235689
7     114346
8     312450
9     218289
10    158599
11     77298
12     49114
13     20189
14     11493
15      6227
16      3264
17        38
18        61
19        22
20        23
21         5
22         2
24         2
26         2

Password mask:
mask                  d        ds          l         ld       lds        ls        lu        lud      luds       lus         s  total         u        ud       uds        us
Length Group                                                                                                                                                                 
smaller       13.385827       NaN  72.047244   3.149606       NaN       NaN  6.299213        NaN       NaN       NaN  0.393701  100.0  4.724409       NaN       NaN       NaN
6             45.187514  0.053885  35.870999  15.939649  0.028003  0.078493  1.056477   0.390345  0.005091  0.004667  0.044126  100.0  1.033990  0.305487       NaN  0.001273
7             15.793294  0.199395  43.447082  35.577108  0.195022  0.192399  1.435993   1.359908  0.010494  0.016616  0.007871  100.0  1.068686  0.681266  0.009620  0.005247
8             16.262762  0.074252  19.959033  39.649544  0.213794  0.135062  0.808449  21.691471  0.287086  0.016003  0.005121  100.0  0.342135  0.546007  0.005121  0.004161
9             17.323365  0.073297  18.575375  38.275406  0.292273  0.185076  0.743968  23.238001  0.388018  0.015576  0.010078  100.0  0.348162  0.525450  0.002749  0.003207
10             9.282530  0.225727  17.012087  34.575250  0.237076  0.231401  0.591429  36.522929  0.457128  0.016394  0.020807  100.0  0.275538  0.544140  0.003153  0.004414
bigger         4.883152  0.307619  19.278049  37.322642  0.270657  0.321331  0.577680  35.605699  0.722547  0.011327  0.002981  100.0  0.196137  0.487659  0.006558  0.005962

Simple entropy table:
simple_entropy
(-0.122, 6.111]        20000
(6.111, 12.221]        59314
(12.221, 18.332]      274192
(18.332, 24.442]      349356
(24.442, 30.553]      255008
(30.553, 36.663]      162421
(36.663, 42.774]       46684
(42.774, 48.885]       28608
(48.885, 54.995]        7750
(54.995, 61.106]        3432
(61.106, 67.216]         557
(67.216, 73.327]          14
(73.327, 79.437]          14
(79.437, 85.548]           8
(85.548, 91.659]           6
(91.659, 97.769]           1
(116.101, 122.211]         2

Shannon Entropy table:
shannon_entropy
(-0.0047, 0.235]     11446
(0.235, 0.47]          145
(0.47, 0.705]         1350
(0.705, 0.94]         2700
(0.94, 1.175]        10490
(1.175, 1.41]         3784
(1.41, 1.645]        33074
(1.645, 1.88]        23968
(1.88, 2.115]        47228
(2.115, 2.35]       114201
(2.35, 2.585]       235631
(2.585, 2.82]       211401
(2.82, 3.055]       226510
(3.055, 3.29]       195751
(3.29, 3.525]        73484
(3.525, 3.76]        13783
(3.76, 3.995]         2048
(3.995, 4.23]          360
(4.23, 4.465]           11
(4.465, 4.7]             2

Password in most 100 most commmon:
   common    count
0   False  1104738
1    True   102629

Score Distribution:
score
0    179207
1    587281
2    253828
3    143757
4     43294
Name: Password, dtype: int64

Guesses Interval Count:
guesses
(2.0, 19.642]                                        43818
(19.642, 192.898]                                    46306
(192.898, 1894.414]                                  72572
(1894.414, 18604.725]                               201303
(18604.725, 182713.892]                             219018
(182713.892, 1794402.567]                           200809
(1794402.567, 17622527.472]                         115958
(17622527.472, 173067894.673]                       120784
(173067894.673, 1699670845.444]                      65317
(1699670845.444, 16692183078.315]                    48026
(16692183078.315, 163931138000.54]                   20777
(163931138000.54, 1609940286424.432]                 10356
(1609940286424.432, 15810954266930.246]               4061
(15810954266930.246, 155276737242324.88]              1846
(155276737242324.88, 1524946864153014.5]               743
(1524946864153014.5, 1.497624808319481e+16]            245
(1.497624808319481e+16, 1.470792274286686e+17]          13
(1.4185608462514549e+19, 1.3931448796000048e+20]         3
