Total users read 13047077 
20 most common passwords 
Password
123456         42366
password       36243
hautelook      27226
shopping       15395
12345678       15060
sunshine       10711
princess        9189
abc123          6485
iloveyou        6401
maggie          5882
12345secret     5487
purple          5156
monkey          4953
bailey          4895
charlie         4861
123456789       4824
password1       4664
summer          4504
fashion         4291
soccer          4212
Name: count, dtype: int64 
Length: 
length
1         595
2         630
3        1902
4        4741
5      166893
6     2153817
7     1929697
8     4145312
9     2182245
10    1351903
11     560710
12     282939
13     123186
14      65595
15      32636
16      18685
17       8611
18       5124
19       2745
20       1892
21       1013
22        806
23        611
24        668
25        532
26        549
27        449
28        398
29        316
30        342
31        166
32        417
33         74
34        283
35         34
36        192
37         14
38        120
39          2
40         80
41          2
42         59
44         36
45          1
46         21
48         11
50         11
52          2
54          1
56          1
58          1
60          1
63          2
66          1
67          1
70          1
78          1 
table 
mask                  d        ds          l         ld       lds        ls        lu        lud      luds       lus         s  total         u        ud       uds        us
Length Group                                                                                                                                                                 
smaller       10.048581  0.098992  72.716453   9.991932  0.108148  0.469212  3.463587   0.453763  0.018883  0.044632  0.037194  100.0  2.091428  0.436024  0.006294  0.014877
6             14.663177  0.022843  48.854986  31.809759  0.147598  0.262464  1.505328   1.358751  0.035147  0.029250  0.005107  100.0  0.669973  0.618855  0.009100  0.007661
7              4.450595  0.040991  38.727324  49.639296  0.455667  0.486864  1.353736   3.252220  0.140385  0.063844  0.001814  100.0  0.507644  0.849045  0.021765  0.008810
8              3.678613  0.034690  21.803305  60.606005  0.853639  0.341060  0.714687  10.066576  0.641520  0.067739  0.001158  100.0  0.250669  0.902248  0.032229  0.005862
9              1.248256  0.029328  20.583528  61.704712  1.323591  0.528951  0.729707  11.488123  1.080905  0.094261  0.000962  100.0  0.245985  0.896370  0.036980  0.008340
10             2.087502  0.033730  18.504064  62.342195  1.520745  0.628226  0.639173  11.845746  1.214732  0.110659  0.001775  100.0  0.196612  0.830163  0.035062  0.009616
bigger         0.831664  0.030198  24.153507  55.317657  2.601091  1.070725  0.875023  12.121149  1.814229  0.176591  0.001262  100.0  0.243658  0.708708  0.041376  0.013161 
entropy
(-0.312, 15.6]    2475065
(15.6, 31.2]      8924341
(31.2, 46.8]      1534355
(46.8, 62.4]        94432
(62.4, 78.0]        11797
(78.0, 93.6]         2499
(93.6, 109.2]        1834
(109.2, 124.8]       1290
(124.8, 140.4]        834
(140.4, 156.0]        364
(156.0, 171.6]        127
(171.6, 187.2]         88
(187.2, 202.8]         30
(202.8, 218.4]         14
(218.4, 234.0]          3
(249.6, 265.2]          3
(296.4, 312.0]          1
 Password is common:
   common     count
0   False  12817157
1    True    229920