Total users read 67241910 
20 most common passwords 
Password
123456        715060
123456789     106550
linkedin      106316
password       88564
12345678       59569
111111         52170
1234567        49421
654321         34189
000000         31525
qwerty         26768
sunshine       26246
abc123         22110
666666         21550
1234567890     21469
123123         20565
charlie        19165
zzzzzzzz       17779
linked         16373
maggie         16337
121212         16022
Name: count, dtype: int64 
Length: 
length
6     18218093
7     11924922
8     21621192
9      8322036
10     3736018
11     1446151
12     1073163
13      415325
14      235775
15      124579
16       69255
17       16241
18       10775
19        6054
20        5253
21        3712
22        3084
23        2408
24        2012
25        1480
26        1278
27         850
28         588
29         448
30         322
31         212
32         180
33         130
34          80
35          60
36          40
37          34
38          24
39          26
40          28
41          10
42          14
43           2
44           4
45          18
46          10
48           8
49           2
50           6
52           4
53           2
55           2
Name: count, dtype: int64 
table 
mask                  d        ds          l         ld       lds        ls        lu       lud      luds       lus         s  total         u        ud       uds        us         z
Length Group                                                                                                                                                                          
7             30.679073  0.020567  43.672189  20.658474  0.059051  0.156526  1.911111  1.162350  0.003716  0.015133  0.017795  100.0  1.231408  0.409115  0.000582  0.002547  0.000362
8              8.350134  0.060436  48.082839  35.585348  0.209846  0.259373  2.383722  3.273103  0.021820  0.037895  0.004201  100.0  1.191815  0.534435  0.002449  0.002415  0.000168
9             13.517395  0.023616  30.589081  45.473057  0.408220  0.203069  1.332780  6.997288  0.275313  0.050372  0.004375  100.0  0.617265  0.500472  0.004657  0.002918  0.000120
10             4.049237  0.039846  36.250841  47.154182  0.533187  0.277156  1.589467  8.498738  0.190735  0.061127  0.004746  100.0  0.767060  0.576397  0.003677  0.003389  0.000216
other          2.864429  0.057842  43.013684  42.093826  0.761830  0.748833  1.471519  7.077467  0.219239  0.096315  0.013695  100.0  1.012582  0.547468  0.007686  0.013500  0.000084 
entropy
(-0.198, 9.899]        1952100
(9.899, 19.798]       31962178
(19.798, 29.697]      27336735
(29.697, 39.596]       4780534
(39.596, 49.496]        971978
(49.496, 59.395]        189046
(59.395, 69.294]         24292
(69.294, 79.193]          9417
(79.193, 89.092]          6586
(89.092, 98.991]          4342
(98.991, 108.89]          2332
(108.89, 118.789]         1184
(118.789, 128.689]         640
(128.689, 138.588]         296
(138.588, 148.487]         126
(148.487, 158.386]          50
(158.386, 168.285]          36
(168.285, 178.184]          12
(178.184, 188.083]          14
(188.083, 197.982]          12
 Password is common:
   common     count
0   False  65438426
1    True   1803484