Total users read: 50000

20 Most Common Passwords:
Password
password            456
hotmail123          302
123456789           110
zynga888999          80
123123sys            75
123123123            61
12345678             53
Cherry67             46
1234567890           33
princess             31
changeme             31
wordswithfriends     29
scrabble             28
jamie8858            27
iloveyou             24
sunshine             23
qwertyuiop           22
baseball             22
jordan23             21
password1            20
Name: count, dtype: int64

Password Length Distribution:
length
8     22456
9     12662
10     8007
11     3509
12     1834
13      772
14      375
15      170
16      134
17       33
18       18
19        7
20        5
21        1
22        3
23        2
26        4
28        2
30        2
32        1
38        1
54        1
60        1

Password mask:
mask                 d        ds          l         ld       lds        ls        lu        lud      luds       lus         s  total         u        ud       uds        us
Length Group                                                                                                                                                                
8             5.201283  0.044532  20.867474  55.517456  0.752583  0.253830  0.921803  14.975953  0.917349  0.071250  0.017813  100.0  0.075704  0.369612  0.008906  0.004453
9             2.543042  0.023693  17.572263  56.752488  1.026694  0.434371  0.916127  18.125099  2.156057  0.078976  0.007898  100.0  0.039488  0.300111  0.015795  0.007898
10            2.073186  0.112402  17.746971  56.525540  0.974148  0.749344  0.811790  18.408892  2.060697  0.112402  0.012489  100.0  0.112402  0.199825  0.087424  0.012489
bigger        0.989091  0.101818  22.501818  50.880000  1.250909  0.727273  1.425455  18.967273  2.632727  0.174545  0.014545  100.0  0.072727  0.218182  0.043636       NaN

Simple entropy table:
simple_entropy
(-0.215, 10.755]        172
(10.755, 21.51]        7515
(21.51, 32.265]       34488
(32.265, 43.02]        6584
(43.02, 53.774]        1020
(53.774, 64.529]        175
(64.529, 75.284]         27
(75.284, 86.039]          4
(86.039, 96.794]          3
(96.794, 107.549]         3
(107.549, 118.304]        2
(118.304, 129.059]        5
(182.833, 193.588]        1
(204.343, 215.098]        1

Shannon Entropy table:
shannon_entropy
(-0.0047, 0.235]       66
(0.47, 0.705]           8
(0.705, 0.94]          23
(0.94, 1.175]          86
(1.175, 1.41]          45
(1.41, 1.645]         342
(1.645, 1.88]         241
(1.88, 2.115]         779
(2.115, 2.35]        1973
(2.35, 2.585]        6101
(2.585, 2.82]       13681
(2.82, 3.055]       14984
(3.055, 3.29]        8616
(3.29, 3.525]        2661
(3.525, 3.76]         345
(3.76, 3.995]          43
(3.995, 4.23]           5
(4.465, 4.7]            1

Password in most 100 most commmon:
   common  count
0   False  48973
1    True   1027

Score Distribution:
score
0     2372
1    24059
2    15665
3     6959
4      945
Name: Password, dtype: int64

Guesses Interval Count:
guesses
(3.0, 99.433]                                        743
(99.433, 3295.649]                                  2121
(3295.649, 109232.214]                             13547
(109232.214, 3620433.389]                          14643
(3620433.389, 119996999.887]                       11934
(119996999.887, 3977225496.287]                     4941
(3977225496.287, 131822651092.49]                   1209
(131822651092.49, 4369179307855.592]                 283
(4369179307855.592, 144813714987416.06]               87
(144813714987416.06, 4799759993999701.0]              14
(4799759993999701.0, 1.5908504247682566e+17]           5
(1.5908504247682566e+17, 5.272774216104856e+18]        2
(5.272774216104856e+18, 1.747628029710613e+20]         2
(1.747628029710613e+20, 5.7924037803508e+21]           3
(1.9198559981999174e+23, 6.363242608064486e+24]        1
(6.363242608064486e+24, 2.1090569567223838e+26]        1
(2.1090569567223838e+26, 6.99033734948552e+27]         2
(6.99033734948552e+27, 2.3169035859302476e+29]         2
(2.3169035859302476e+29, 7.679232e+30]                 1
