Total users read: 50000

20 Most Common Passwords:
Password
homelessPassword    1153
Fu7u4a#$$$$          245
123456789            177
passer2009           154
iloveyou              51
1234567890            35
justinbieber          31
12345678              23
passer2011            22
babygirl              21
princess              19
987654321             17
football              15
qwertyuiop            14
chocolate             13
p@ssw0rd1             13
12345678910           13
asdfghjkl             12
jordan23              12
michelle              11
Name: count, dtype: int64

Password Length Distribution:
length
8     14928
9     10103
10     8887
11     5332
12     3566
13     2202
14     1481
15     1026
16     1855
17      339
18      164
19       27
20       22
21        4
22       16
23        2
24        6
25        1
26       12
27        1
28        9
30        4
32        1
34        2
36        1
38        1
40        2
42        1
58        2
60        3

Password mask:
mask                  d        ds          l         ld       lds        ls        lu       lud      luds       lus         s  total         u        ud       uds        us
Length Group                                                                                                                                                                
8             12.332529  0.247856  23.834405  50.013398  1.822079  0.964630  1.038317  6.176313  0.790461  0.160772  0.013398  100.0  0.736870  1.681404  0.140675  0.046892
9              5.404335  0.217757  24.626349  55.369692  2.801148  1.217460  1.049193  5.364743  1.039295  0.207859  0.029694  100.0  0.841334  1.662872  0.118777  0.049490
10            10.082142  0.326319  20.670643  51.637223  2.936874  1.215258  0.967706  7.471588  1.800383  0.258805  0.045010  100.0  0.618882  1.699111  0.236300  0.033757
bigger         3.500808  0.261162  26.053973  45.460764  3.967168  1.566969  8.164407  5.353812  3.084194  0.198980  0.006218  100.0  0.696431  1.467479  0.118145  0.099490

Simple entropy table:
simple_entropy
(-0.237, 11.854]        154
(11.854, 23.707]      12922
(23.707, 35.561]      25073
(35.561, 47.415]       7626
(47.415, 59.268]       3679
(59.268, 71.122]        453
(71.122, 82.975]         35
(82.975, 94.829]         16
(94.829, 106.683]        10
(106.683, 118.536]       10
(118.536, 130.39]        10
(130.39, 142.244]         1
(142.244, 154.097]        2
(154.097, 165.951]        1
(165.951, 177.805]        3
(213.366, 225.219]        3
(225.219, 237.073]        2

Shannon Entropy table:
shannon_entropy
(-0.0047, 0.235]       69
(0.235, 0.47]           4
(0.47, 0.705]           5
(0.705, 0.94]          18
(0.94, 1.175]          72
(1.175, 1.41]          44
(1.41, 1.645]         270
(1.645, 1.88]         298
(1.88, 2.115]         832
(2.115, 2.35]        2100
(2.35, 2.585]        5696
(2.585, 2.82]       10550
(2.82, 3.055]       13016
(3.055, 3.29]       11510
(3.29, 3.525]        4232
(3.525, 3.76]        1085
(3.76, 3.995]         167
(3.995, 4.23]          22
(4.23, 4.465]           3
(4.465, 4.7]            7

Password in most 100 most commmon:
   common  count
0   False  49365
1    True    635

Score Distribution:
score
0     1473
1    16615
2    14574
3    12367
4     4971
Name: Password, dtype: int64

Guesses Interval Count:
guesses
(3.0, 2119.507]                                     1845
(2119.507, 1497436.373]                            18033
(1497436.373, 1057942196.91]                       21593
(1057942196.91, 747438563769.31]                    6514
(747438563769.31, 528067042076036.4]                1751
(528067042076036.4, 3.730805640007065e+17]           202
(3.730805640007065e+17, 2.635822654030444e+20]        17
(2.635822654030444e+20, 1.862214688698427e+23]        15
(1.862214688698427e+23, 1.3156589050107335e+26]        7
(1.3156589050107335e+26, 9.295160030897809e+28]       10
(9.295160030897809e+28, 6.567051662930414e+31]         4
(6.567051662930414e+31, 4.639636907836175e+34]         2
(4.639636907836175e+34, 3.277914007905083e+37]         1
(3.277914007905083e+37, 2.3158536878333633e+40]        2
(2.3158536878333633e+40, 1.636155887713201e+43]        1
(4.076420022716814e+54, 2.880000000000004e+57]         2
