Total users read: 9898

20 Most Common Passwords:
Password
Amanda12                19
Liamkyle12              17
Chambrerougenoir2004    12
Okokok123               12
Miya19900               10
Bryfree69               10
Aly11ssa                 8
Stefanocars1234          8
Boscoe123                8
HopeNHalo521             8
Florian2010              7
So29061998               7
Footballkid1             7
MustafaMehmet20          6
Kimo2005                 6
Rodrigo03?               6
Hamza1986                6
Alg101061                6
Babynate03               6
Tommy1208                6
Name: count, dtype: int64

Password Length Distribution:
length
4       44
5       56
6       67
7       66
8     1358
9     1539
10    1734
11    1368
12    1199
13     703
14     547
15     484
16     248
17     138
18      67
19      83
20     197

Password mask:
mask                 d         l        ld       lds        ls         lu        lud       luds        lus         s  total         u        ud       uds   us
Length Group                                                                                                                                                  
smaller       1.000000  9.000000  2.000000  2.000000  1.000000  53.000000   7.000000   9.000000  11.000000       NaN  100.0  1.000000  1.000000  1.000000  2.0
6             4.477612  7.462687  5.970149  1.492537       NaN  50.746269  13.432836   2.985075   8.955224  1.492537  100.0       NaN       NaN  2.985075  NaN
7                  NaN  6.060606  7.575758  4.545455       NaN  34.848485  31.818182   1.515152  13.636364       NaN  100.0       NaN       NaN       NaN  NaN
8             0.441826  0.589102  4.270987  0.073638       NaN   1.104566  83.357879   8.173785   0.220913       NaN  100.0       NaN  1.620029  0.147275  NaN
9             0.194932  0.324886  2.534113  0.194932       NaN   0.389864  75.893437  18.908382   0.064977       NaN  100.0  0.064977  1.234568  0.194932  NaN
10            0.115340  0.115340  2.076125  0.115340       NaN   0.288351  74.740484  21.280277   0.057670       NaN  100.0       NaN  1.095732  0.115340  NaN
bigger        0.099325  0.079460  1.013111  0.258244  0.019865   0.635677  71.871275  24.950338   0.178784       NaN  100.0       NaN  0.715137  0.178784  NaN

Simple entropy table:
simple_entropy
(3.918, 8.122]        46
(8.122, 12.244]       61
(12.244, 16.366]      83
(16.366, 20.488]     118
(20.488, 24.61]     1445
(24.61, 28.732]     1664
(28.732, 32.853]    1183
(32.853, 36.975]    1584
(36.975, 41.097]     832
(41.097, 45.219]    1021
(45.219, 49.341]     440
(49.341, 53.463]     411
(53.463, 57.585]     391
(57.585, 61.707]     156
(61.707, 65.829]     128
(65.829, 69.951]      70
(69.951, 74.073]      83
(74.073, 78.195]      94
(78.195, 82.317]      66
(82.317, 86.439]      22

Shannon Entropy table:
shannon_entropy
(0.915, 1.088]       2
(1.259, 1.429]       3
(1.429, 1.599]      12
(1.599, 1.769]       4
(1.769, 1.939]      31
(1.939, 2.11]       62
(2.11, 2.28]        98
(2.28, 2.45]       203
(2.45, 2.62]       406
(2.62, 2.79]      1165
(2.79, 2.96]      1509
(2.96, 3.131]     1939
(3.131, 3.301]    1574
(3.301, 3.471]    1544
(3.471, 3.641]     727
(3.641, 3.811]     401
(3.811, 3.982]     132
(3.982, 4.152]      71
(4.152, 4.322]      15

Password in most 100 most commmon:
   common  count
0   False   9895
1    True      3

Score Distribution:
score
0      49
1     726
2    2925
3    3552
4    2646
Name: Password, dtype: int64

Guesses Interval Count:
guesses
(2.0, 19.319]                                          3
(19.319, 186.607]                                     17
(186.607, 1802.501]                                   37
(1802.501, 17411.011]                                 83
(17411.011, 168179.283]                              303
(168179.283, 1624504.793]                            716
(1624504.793, 15691681.958]                         1286
(15691681.958, 151571656.651]                       2110
(151571656.651, 1464085695.946]                     1706
(1464085695.946, 14142135623.731]                   1154
(14142135623.731, 136604025675.439]                  796
(136604025675.439, 1319507910772.892]                641
(1319507910772.892, 12745606273192.59]               338
(12745606273192.59, 123114441334491.73]              217
(123114441334491.73, 1189207115002721.0]             218
(1189207115002721.0, 1.1486983549970294e+16]         105
(1.1486983549970294e+16, 1.1095694720678432e+17]      37
(1.1095694720678432e+17, 1.0717734625362949e+18]      33
(1.0717734625362949e+18, 1.0352649238413742e+19]      25
(1.0352649238413742e+19, 9.999999999999998e+19]       72
