Total users read: 21316308

20 Most Common Passwords:
Password
MISSING-PASS                            17124
V70]                                    15331
login.live.com/login.srf                 9788
123456                                   7118
admin                                    6959
zULL                                     3335
12345678                                 3293
123456789                                3146
login.live.com/ppsecure/post.srf         3028
login.live.com/                          2739
1234                                     2233
Password                                 1994
rr44tt55                                 1699
12345                                    1629
149101hy                                 1419
login.live.com/oauth31_authorize.srf     1399
login.live.com                           1382
123                                      1367
password                                 1348
75864295zz                               1308
Name: count, dtype: int64

Password Length Distribution:
length
3         16186
4         63840
5         40155
6        377403
7        344401
8       3400353
9       3345180
10      3444406
11      2705235
12      2275842
13      1542907
14      1126913
15       919653
16       570786
17       287349
18       202863
19       141685
20       117702
21        74941
22        62094
23        48200
24        53497
25        32230
26        25793
27        18885
28        15007
29        10477
30         8343
31         5461
32         8593
33         3079
34         2655
35         1753
36         4330
37         1120
38         1038
39          860
40          994
41          545
42          454
43          363
44          409
45          463
46          264
47          215
48          283
49          198
50          595
51          158
52          979
53          110
54          118
55          134
56         2056
57          105
58          107
59          117
60         1084
61           66
62           86
63           69
64          692
65           48
66           94
67           49
68          147
69           65
70           58
71           42
72           88
73           55
74           18
75           33
76          118
77           17
78           23
79           48
80           31
81           19
82           16
83           28
84           25
85           22
86           14
87           30
88           40
89           16
90           27
91           14
92           19
93           23
94           17
95           24
96           59
97           74
98           68
99          106
100         109
101          31
102          21
103         158
104           3
105           6
106         178
107           4
108           8
109           1
110         409
111          17
112          23
113          10
114         275
115          30
116          14
117           3
118          90
119           4
120          16
121           4
122          20
124          12
125           5
126          28
127          42
128         147
129           1
130           7
131           3
133           3
134           4
136           4
137           3
138           5
140           1
141           3
142           3
143           8
144           2
147           1
148           3
150           1
154           2
155           3
156           4
159          21
169           1
172          19
174           2
175           1
176           7
177           1
178           3
179           4
180           1
181           1
182           1
184           1
187           2
188           2
192           4
194           1
196           1
197           1
200           5
202           1
203           2
208           1
213           2
216           1
217           2
220          15
226           1
232           2
235           2
236           2
237           2
238           1
240          18
242           1
247           1
248           2
249           3
250           1
254           1
256          67
258           2
259           1
263           1
264           2
266           1
273           2
274           1
275           1
280           1
285           1
288           1
296           1
298           1
300           1
304           3
309           1
310           1
313           1
317           2
322           1
323           2
325          19
334          16
335           1
340           3
344           7
348           1
349          54
352           1
354          29
356           1
357           1
359           1
369           1
374           4
376           1
377           6
379           5
381           1
392           1
393           1
396           1
398           6
399           2
412           1
413           1
431           1
444           3
446           1
451           1
453          62
468           5
473          54
476           5
481           2
483           2
493          38
498           1
501          19
511           1
512          29
517           2
525           4
534           5
548           9
552           2
556           2
564           1
568           1
574           2
576           1
579           1
588           1
621           1
644           1
649           1
664           2
716           1
728           1
828           1
836           3
843           2
896           1
922           1
937           1
952           1
979           1
1007          1
1024          5
1043          1
1231          1
1362          1
1620         14
1622          4
1624        389
1628         27
2048          1
3322          1
5498          1
6580          1
6670          1
7278          1
7682          1
7714          1
8462          1

Password mask:
mask                  d        ds          l         ld       lds        ls         lu        lud       luds       lus         s  total         u        ud        uds        us
Length Group                                                                                                                                                                    
smaller       34.611960  0.891988  25.863489   4.782786  0.322846  0.667327  12.398798   1.727395   0.293724  0.748870  0.227157  100.0  2.487914  1.669981  12.958787  0.346977
6             34.867237  1.092466  16.819686  15.253986  1.670893  1.720972   7.934489  11.578869   2.087424  2.864842  0.096714  100.0  0.774239  2.279261   0.629036  0.329886
7             19.495007  1.498253  15.860291  23.281582  3.551093  1.972120   6.359447  16.356515   4.355678  3.475309  0.017131  100.0  0.596398  2.161144   0.821426  0.198606
8              5.565540  0.607907   2.417955  43.050501  3.682706  0.594527   2.507593  29.455912   7.581566  0.618259  0.014293  100.0  0.107754  3.077298   0.661020  0.057171
9              1.373768  0.837653   1.823400  40.076229  5.814127  0.678200   2.062998  27.510896  15.281091  0.631894  0.006756  100.0  0.070878  3.040016   0.726897  0.065198
10             2.562909  0.690772   1.523427  37.458825  6.000686  0.594994   1.895624  29.099212  16.324760  0.539687  0.006794  100.0  0.055655  2.488586   0.711327  0.046742
bigger         0.584838  0.454728   1.335082  35.342117  8.011476  1.440504   1.951658  26.899569  20.303919  0.601018  0.004988  100.0  0.051039  2.108245   0.691699  0.219119

Simple entropy table:
simple_entropy
(-50.961, 2548.064]       21315614
(2548.064, 5096.128]           237
(5096.128, 7644.191]            13
(7644.191, 10192.255]          435
(10192.255, 12740.319]           1
(17836.447, 20384.511]           1
(30576.766, 33124.83]            1
(38220.957, 40769.021]           2
(43317.085, 45865.149]           1
(45865.149, 48413.213]           2
(48413.213, 50961.276]           1

Shannon Entropy table:
shannon_entropy
(-0.00606, 0.303]       7428
(0.303, 0.606]          2835
(0.606, 0.909]          6514
(0.909, 1.212]         28003
(1.212, 1.515]         73958
(1.515, 1.818]        142792
(1.818, 2.121]        374010
(2.121, 2.424]       1214857
(2.424, 2.727]       2879081
(2.727, 3.03]        6274284
(3.03, 3.333]        6148973
(3.333, 3.635]       2956289
(3.635, 3.938]       1030993
(3.938, 4.241]        146102
(4.241, 4.544]         18736
(4.544, 4.847]          3091
(4.847, 5.15]           4134
(5.15, 5.453]           1982
(5.453, 5.756]          1363
(5.756, 6.059]           883

Password in most 100 most commmon:
   common     count
0   False  21287700
1    True     28608

Score Distribution:
score
0     117198
1    2505417
2    5403736
3    6973058
4    6316899
Name: Password, dtype: int64

Guesses Interval Count:
Empty DataFrame
Columns: []
Index: []
