Total users read: 50877

20 Most Common Passwords:
Password
jerrycat          1
marcot            1
IFLYSWA           1
fletcherbarton    1
TOOTSIE1          1
mayday7609        1
duranies70        1
doc1985           1
Sagewater75       1
xingang2011       1
JTPISCES          1
Purvin            1
danknugs          1
vincent           1
bagare12          1
how2die           1
acuracl97         1
jack2006          1
stasia1           1
radios            1
Name: count, dtype: int64

Password Length Distribution:
length
4       127
5       776
6      9257
7      8364
8     14353
9      7546
10     5282
11     2397
12     1426
13      702
14      419
15      227
16        1

Password mask:
mask                ds          l         ld       lds        ls        lu        lud      luds       lus  total          u        ud       uds        us
Length Group                                                                                                                                             
smaller       0.110742  23.588040   2.657807       NaN       NaN  1.439646   0.110742  0.221484       NaN  100.0  64.008859  7.641196       NaN  0.221484
6             0.021605  45.241439  31.338447  0.064816  0.043211  3.672896   1.890461  0.097224  0.032408  100.0  12.034136  5.498542  0.032408  0.032408
7                  NaN  37.661406  40.076518  0.047824  0.167384  3.383549   4.471545  0.011956  0.035868  100.0   8.524629  5.595409       NaN  0.023912
8             0.013934  25.688009  50.971922  0.055737  0.076639  1.588518  12.115934  0.013934  0.048770  100.0   4.786456  4.591375  0.013934  0.034836
9                  NaN  24.927114  50.569838  0.039756  0.132521  2.186589  14.630268  0.053008  0.106016  100.0   3.975616  3.313014  0.026504  0.039756
10                 NaN  22.907989  51.779629  0.075729  0.113593  2.309731  16.792881  0.094661  0.056797  100.0   3.275275  2.517986  0.037864  0.037864
bigger             NaN  24.825986  45.475638  0.251353  0.251353  2.687548  21.403712  0.270688  0.154679  100.0   2.494200  1.991493  0.116009  0.077340

Simple entropy table:
simple_entropy
(-0.0609, 3.046]       19
(3.046, 6.092]         95
(6.092, 9.138]        211
(9.138, 12.184]      2049
(12.184, 15.229]     3917
(15.229, 18.275]     9566
(18.275, 21.321]     7414
(21.321, 24.367]    10800
(24.367, 27.413]     5184
(27.413, 30.459]     4258
(30.459, 33.505]     3057
(33.505, 36.551]     1745
(36.551, 39.596]      624
(39.596, 42.642]      808
(42.642, 45.688]      511
(45.688, 48.734]      303
(48.734, 51.78]       116
(51.78, 54.826]       142
(54.826, 57.872]       54
(57.872, 60.918]        4

Shannon Entropy table:
shannon_entropy
(-0.00391, 0.195]       19
(0.391, 0.586]           1
(0.586, 0.781]          13
(0.781, 0.977]          40
(0.977, 1.172]          82
(1.172, 1.367]          35
(1.367, 1.563]         282
(1.563, 1.758]         289
(1.758, 1.953]        1651
(1.953, 2.149]         764
(2.149, 2.344]        6270
(2.344, 2.539]        7685
(2.539, 2.735]        7471
(2.735, 2.93]        11429
(2.93, 3.126]         9972
(3.126, 3.321]        2954
(3.321, 3.516]        1567
(3.516, 3.712]         329
(3.712, 3.907]          24

Password in most 100 most commmon:
   common  count
0   False  50835
1    True     42

Score Distribution:
score
0     2760
1    27233
2    14199
3     5693
4      992
Name: Password, dtype: int64

Guesses Interval Count:
guesses
(3.0, 15.969]                                 58
(15.969, 84.998]                             300
(84.998, 452.432]                           1281
(452.432, 2408.225]                         2820
(2408.225, 12818.61]                        4250
(12818.61, 68231.494]                       8429
(68231.494, 363185.763]                     7004
(363185.763, 1933182.045]                   8324
(1933182.045, 10290031.165]                 5981
(10290031.165, 54772255.751]                2720
(54772255.751, 291544306.512]               5396
(291544306.512, 1551845573.915]             1999
(1551845573.915, 8260235687.978]             815
(8260235687.978, 43967966122.3]              832
(43967966122.3, 234034731932.072]            297
(234034731932.072, 1245730939615.516]        203
(1245730939615.516, 6630834496675.377]        71
(6630834496675.377, 35294913792436.375]       46
(35294913792436.375, 187869406217287.62]      35
(187869406217287.62, 1000000000000000.0]       5
