Total users read: 2268955

20 Most Common Passwords:
Password
$HEX[3132333435360000]    18125
sharethi                  11398
password                   7314
12345678                   6826
$HEX[31313131313100]       1348
123123                     1246
abc123                     1226
buildawall                 1082
$HEX[71776572747900]       1081
$HEX[3132333435363700]     1031
sunshine                    955
pakistan                    887
1q2w3e4r                    876
testing1                    771
admin123                    753
p@ssw0rd                    737
passw0rd                    689
iloveyou                    689
$HEX[7465737431323300]      678
$HEX[30303030303000]        673
Name: count, dtype: int64

Password Length Distribution:
length
1         566
2         625
3        1041
4        2364
5        3929
6      276803
7      231343
8     1494844
9       70485
10      57942
11      34706
12      23622
13      13247
14       8666
15       5382
16       2821
17       1694
18       1422
19       1006
20       9995
21        543
22      24344
23        325
24        257
25        171
26        169
27        148
28        115
29         98
30         85
31         40
32         35
33         24
34         13
35         15
36          8
37         16
38          2
39         11
40          2
41          2
42          2
43          6
44          3
45          2
46          2
48          3
49          3
51          3
53          1
55          1
56          1
74          1
85          1

Password mask:
mask                  d        ds          l         ld       lds        ls        lu        lud      luds       lus         s  total         u        ud        uds        us
Length Group                                                                                                                                                                  
smaller       11.214076  0.551320  60.316716  12.281525  1.231672  2.944282  5.865103   0.821114  0.070381  0.105572  1.043988  100.0  3.014663  0.304985   0.011730  0.222874
6             22.454598  0.095013  44.083699  31.303490  0.531786  0.424490  0.474345   0.406426  0.006864  0.008309  0.032153  100.0  0.078395  0.097904   0.000723  0.001806
7              9.244282  0.175497  39.513623  46.805825  1.891131  0.823885  0.465543   0.818266  0.019884  0.022477  0.007348  100.0  0.061381  0.142645   0.004755  0.003458
8              7.108702  0.133860  34.109512  51.637295  3.775110  1.824003  0.143962   1.123729  0.039335  0.008830  0.006021  100.0  0.015921  0.071446   0.001672  0.000602
9              1.864226  0.429879  15.543733  55.062779  1.204512  0.279492  2.245868  19.597077  2.335249  0.119174       NaN  100.0  0.184436  1.075406   0.052493  0.005675
10             2.631942  0.243347  19.345207  52.077940  1.686169  0.409030  1.998550  18.042180  2.181492  0.120810       NaN  100.0  0.153602  0.859480   0.239895  0.010355
bigger         1.144846  0.212382  14.593103  38.756559  2.484246  0.327099  1.368079  12.577027  6.793114  0.118593       NaN  100.0  0.080612  0.657298  20.883942  0.003100

Simple entropy table:
simple_entropy
(-0.34, 17.0]      407126
(17.0, 34.0]      1749134
(34.0, 51.0]        66378
(51.0, 68.0]        13066
(68.0, 85.0]        30701
(85.0, 102.0]        2094
(102.0, 119.0]        285
(119.0, 136.0]         92
(136.0, 153.0]         38
(153.0, 170.0]         21
(170.0, 187.0]          8
(187.0, 204.0]          7
(204.0, 221.0]          3
(323.0, 340.0]          2

Shannon Entropy table:
shannon_entropy
(-0.00486, 0.243]      5069
(0.243, 0.486]           28
(0.486, 0.729]         1275
(0.729, 0.972]         3160
(0.972, 1.214]         8588
(1.214, 1.457]         5871
(1.457, 1.7]          31738
(1.7, 1.943]          78054
(1.943, 2.186]       103297
(2.186, 2.429]       267168
(2.429, 2.672]       482238
(2.672, 2.915]       696347
(2.915, 3.158]       484775
(3.158, 3.401]        73088
(3.401, 3.643]        23228
(3.643, 3.886]         4282
(3.886, 4.129]          576
(4.129, 4.372]          151
(4.372, 4.615]           15
(4.615, 4.858]            7

Password in most 100 most commmon:
   common    count
0   False  2237577
1    True    31378

Score Distribution:
score
0     140909
1     936713
2    1047856
3      78456
4      65021
Name: Password, dtype: int64

Guesses Interval Count:
guesses
(2.0, 2604.951]                                      194813
(2604.951, 3392885.667]                             1107731
(3392885.667, 4419150982.882]                        891844
(4419150982.882, 5755836573433.375]                   35382
(5755836573433.375, 7496837014260638.0]                6778
(7496837014260638.0, 9.764447704751823e+18]            4342
(9.764447704751823e+18, 1.2717955425397056e+22]       27448
(1.2717955425397056e+22, 1.6564827330036627e+25]        184
(1.6564827330036627e+25, 2.157528433587522e+28]         100
(2.157528433587522e+28, 2.8101282609194172e+31]          42
(2.8101282609194172e+31, 3.6601236488397745e+34]         15
(3.6601236488397745e+34, 4.767221948941657e+37]           7
(4.767221948941657e+37, 6.209190533132713e+40]            1
(6.209190533132713e+40, 8.08731951011932e+43]             3
(8.08731951011932e+43, 1.0533536780640235e+47]            2
(1.0533536780640235e+47, 1.3719675223696416e+50]          1
