Total users read: 14884412

20 Most Common Passwords:
Password
123456          59341
password        31116
unknown         25108
123456789       23820
(null)          23491
12345           13278
12345678         9752
qwerty           7857
abc123           7416
1234567890       6807
1234567          6332
iloveyou         5845
soccer           4314
123123           4057
princess         4046
Password         3825
onedirection     3813
pokemon          3520
asdfghjkl        3250
dubsmash         3167
Name: count, dtype: int64

Password Length Distribution:
length
5       79734
6     2645916
7     1558498
8     3762341
9     2267554
10    1808595
11     922092
12     713754
13     364626
14     242733
15     252678
16     115073
17      45963
18      33726
19      19731
20      33669
21       5181
22       3645
23       2598
24       2378
25       1499
26        689
27        556
28        430
29        356
30        397

Password mask:
mask                  d        ds          l         ld       lds        ls         lu        lud       luds       lus         s  total         u        ud       uds        us
Length Group                                                                                                                                                                   
smaller       24.562922  0.211955  52.626232   4.008328  0.156771  0.250834  12.554243   2.504578   0.421401  0.521735  0.071488  100.0  0.815211  1.072315  0.137959  0.084029
6             16.632501  0.051476  31.079369  38.209527  0.174949  1.154269   5.489252   5.690014   0.103820  0.105181  0.026607  100.0  0.550925  0.699606  0.018973  0.013530
7              7.953299  0.230927  36.276659  40.177402  0.645686  0.598461   4.558941   6.896255   0.480334  0.404877  0.007892  100.0  0.522811  1.164262  0.058903  0.023292
8              6.733308  0.094356  21.059255  41.219842  0.907334  0.324665   2.992445  23.093733   1.826071  0.200806  0.018047  100.0  0.267812  1.160102  0.089253  0.012971
9              3.621171  0.174329  15.572066  41.577003  1.564946  0.491102   2.903128  27.116091   5.280889  0.366474  0.017817  100.0  0.210315  0.963461  0.123084  0.018125
10             6.034297  0.192746  14.280588  38.146130  1.768168  0.718569   2.768337  27.952914   6.360186  0.331196  0.028973  100.0  0.212762  1.052972  0.133031  0.019131
bigger         1.890705  0.198749  13.930394  30.476389  2.668285  0.815237   3.147723  30.276952  14.694722  0.692200  0.015570  100.0  0.180790  0.745970  0.218736  0.047578

Simple entropy table:
simple_entropy
(-0.147, 7.36]          62355
(7.36, 14.721]        1560732
(14.721, 22.081]      3988424
(22.081, 29.441]      5176288
(29.441, 36.802]      2310811
(36.802, 44.162]       890493
(44.162, 51.522]       411554
(51.522, 58.883]       297248
(58.883, 66.243]        93644
(66.243, 73.603]        41590
(73.603, 80.964]        24114
(80.964, 88.324]        18981
(88.324, 95.684]         3115
(95.684, 103.045]        2188
(103.045, 110.405]       1587
(110.405, 117.765]        672
(117.765, 125.126]        368
(125.126, 132.486]        133
(132.486, 139.846]         73
(139.846, 147.207]         42

Shannon Entropy table:
shannon_entropy
(-0.00491, 0.245]      24013
(0.245, 0.491]           433
(0.491, 0.736]          5947
(0.736, 0.981]         14229
(0.981, 1.227]         34199
(1.227, 1.472]         71423
(1.472, 1.717]        112916
(1.717, 1.963]        517036
(1.963, 2.208]        386327
(2.208, 2.453]       1710488
(2.453, 2.699]       2949199
(2.699, 2.944]       3455018
(2.944, 3.189]       3729616
(3.189, 3.435]       1203403
(3.435, 3.68]         475322
(3.68, 3.926]         161599
(3.926, 4.171]         26999
(4.171, 4.416]          5745
(4.416, 4.662]           423
(4.662, 4.907]            77

Password in most 100 most commmon:
   common     count
0   False  14608032
1    True    276380

Score Distribution:
score
0     999252
1    6338816
2    3956311
3    2440447
4    1149586
Name: Password, dtype: int64

Guesses Interval Count:
guesses
(2.0, 61.091]                                        293742
(61.091, 1866.066]                                   848599
(1866.066, 57000.084]                               2548380
(57000.084, 1741101.127]                            4168086
(1741101.127, 53182958.969]                         2270096
(53182958.969, 1624504792.712]                      2947295
(1624504792.712, 49621455306.045]                    838263
(49621455306.045, 1515716566510.401]                 479963
(1515716566510.401, 46298454888609.3]                155850
(46298454888609.3, 1414213562373095.2]               170952
(1414213562373095.2, 4.319798586825116e+16]           52922
(4.319798586825116e+16, 1.319507910772903e+18]        16711
(1.319507910772903e+18, 4.030514598301905e+19]         8287
(4.030514598301905e+19, 1.2311444133449223e+21]       21021
(1.2311444133449223e+21, 3.760603093086394e+22]        1585
(3.760603093086394e+22, 1.1486983549970388e+24]        1753
(1.1486983549970388e+24, 3.5087667539249917e+25]        715
(3.5087667539249917e+25, 1.071773462536295e+27]         298
(1.071773462536295e+27, 3.2737951410195228e+28]         149
(3.2737951410195228e+28, 1e+30]                         162
