Total users read: 50000

20 Most Common Passwords:
Password
123456789       2199
12345678        1266
1234567890       766
dubsmash         647
password         405
qwertyuiop       255
12345678910      186
asdfghjkl        154
iloveyou         117
0987654321        91
pakistan          88
987654321         74
onedirection      69
princess          69
qwerty123         64
incorrect         56
abcd1234          50
fernanda          48
11223344          47
valentina         46
Name: count, dtype: int64

Password Length Distribution:
length
8     21163
9     12978
10     8675
11     3390
12     2060
13      857
14      421
15      210
16      124
17       42
18       29
19       14
20       14
22        1
26        5
28       17

Password mask:
mask                  d        ds          l         ld       lds        ls        lu        lud      luds       lus  total         u        ud       uds
Length Group                                                                                                                                             
8             14.577328  0.037802  32.192978  42.541228  0.439446  0.165383  0.793838   8.453433  0.415820       NaN  100.0  0.075604  0.288239  0.018901
9             20.134073  0.061643  23.632301  43.450455  0.685776  0.177223  0.593312  10.063184  0.909231  0.030821  100.0  0.053937  0.200339  0.007705
10            19.435159  0.080692  23.711816  42.985591  0.726225  0.195965  0.495677  11.112392  0.876081  0.057637  100.0  0.080692  0.219020  0.023055
bigger         5.943764  0.055679  26.211024  48.051225  1.211024  0.403675  0.737751  15.256125  1.642539  0.055679  100.0  0.083519  0.306236  0.041759

Simple entropy table:
simple_entropy
(-0.122, 6.111]         216
(6.111, 12.221]         177
(12.221, 18.332]       1381
(18.332, 24.442]      21455
(24.442, 30.553]      15437
(30.553, 36.663]       7916
(36.663, 42.774]       1917
(42.774, 48.885]        982
(48.885, 54.995]        282
(54.995, 61.106]        154
(61.106, 67.216]         42
(67.216, 73.327]         12
(73.327, 79.437]          4
(79.437, 85.548]          2
(85.548, 91.659]          1
(103.88, 109.99]          6
(109.99, 116.101]        11
(116.101, 122.211]        5

Shannon Entropy table:
shannon_entropy
(-0.0047, 0.235]      216
(0.47, 0.705]           2
(0.705, 0.94]          20
(0.94, 1.175]         159
(1.175, 1.41]          43
(1.41, 1.645]         443
(1.645, 1.88]         273
(1.88, 2.115]        1089
(2.115, 2.35]        2089
(2.35, 2.585]        5695
(2.585, 2.82]       12889
(2.82, 3.055]       13334
(3.055, 3.29]       10051
(3.29, 3.525]        3320
(3.525, 3.76]         345
(3.76, 3.995]          23
(3.995, 4.23]           1
(4.23, 4.465]           3
(4.465, 4.7]            5

Password in most 100 most commmon:
   common  count
0   False  44223
1    True   5777

Score Distribution:
score
0     9457
1    19303
2    12570
3     7199
4     1471
Name: Password, dtype: int64

Guesses Interval Count:
guesses
(3.0, 65.334]                                      5623
(65.334, 1422.864]                                 4069
(1422.864, 30987.364]                              9557
(30987.364, 674847.668]                            8061
(674847.668, 14696938.457]                         8391
(14696938.457, 320072233.008]                      8330
(320072233.008, 6970583339.129]                    3573
(6970583339.129, 151806458283.39]                  1321
(151806458283.39, 3306064880852.166]                441
(3306064880852.166, 72000000000000.08]              123
(72000000000000.08, 1568027303403607.2]              49
(1568027303403607.2, 3.4148744780822024e+16]         14
(3.4148744780822024e+16, 7.436967249068097e+17]       5
(7.436967249068097e+17, 1.6196344029246216e+19]       3
(7.934555714045238e+25, 1.7280000000000033e+27]      17
