Total users read: 3025218

20 Most Common Passwords:
Password
123456         12272
WER1452123      5255
maoxiong003     3543
guest           2811
123456789       2573
12345678        2316
12345           1999
password        1884
x4ivygA51F      1425
jhk32811        1400
Jhk32811        1320
1234567890      1099
1-1-0:2|        1033
111111          1028
1234567          994
qwerty           941
12121999         851
N8ZGT5P0sHw      821
Aa123456.        819
pvtagent25       807
Name: count, dtype: int64

Password Length Distribution:
length
5      60311
6     330673
7     196852
8     708742
9     464720
10    427181
11    243970
12    219449
13    117700
14     66181
15     72712
16     46234
17     15450
18     12251
19      7360
20     12007
21      4743
22      2823
23      1658
24      3447
25      1247
26      1691
27       635
28       861
29      5622
30       698

Password mask:
mask                  d        ds          l         ld       lds        ls        lu        lud       luds       lus         s  total         u        ud       uds        us
Length Group                                                                                                                                                                  
smaller       31.362438  0.237104  35.268856  13.231417  0.140936  0.386331  8.767886   5.231218   0.096168  0.416176  0.048084  100.0  1.988029  2.699342  0.076271  0.049742
6             28.536349  0.150602  24.393283  33.904189  0.155743  0.219855  4.132481   4.510801   0.104938  0.190218  0.016028  100.0  1.680815  1.951172  0.034173  0.019354
7             13.181984  1.097271  29.887936  37.387479  1.078983  0.938776  4.218398   7.295328   0.906773  0.950460  0.014224  100.0  0.954524  1.885681  0.166623  0.035560
8              5.744968  0.420322  13.744776  46.035229  1.692153  0.398452  3.151358  22.656199   3.715033  0.419758  0.012699  100.0  0.370939  1.462168  0.157603  0.018342
9              2.548847  0.887631   9.651618  43.252711  5.166767  0.901188  1.849716  19.693794  13.000086  0.794672  0.041100  100.0  0.241221  1.649165  0.284903  0.036581
10             3.863234  1.270188   7.475754  39.183391  5.099244  0.720772  1.949525  23.615985  13.370913  0.586637  0.011939  100.0  0.183529  2.328053  0.308300  0.032539
bigger         1.616514  0.633292   5.599476  28.687679  6.334233  1.028756  2.091811  22.373285  24.185558  1.213640  0.009322  100.0  4.731583  0.997563  0.423071  0.074217

Simple entropy table:
simple_entropy
(-0.147, 7.36]          21566
(7.36, 14.721]         262649
(14.721, 22.081]       543900
(22.081, 29.441]      1039118
(29.441, 36.802]       576771
(36.802, 44.162]       268662
(44.162, 51.522]       130201
(51.522, 58.883]        95891
(58.883, 66.243]        36833
(66.243, 73.603]        16376
(73.603, 80.964]        11108
(80.964, 88.324]         7102
(88.324, 95.684]         2523
(95.684, 103.045]        2798
(103.045, 110.405]       2006
(110.405, 117.765]       1583
(117.765, 125.126]        820
(125.126, 132.486]       4044
(132.486, 139.846]       1258
(139.846, 147.207]          9

Shannon Entropy table:
shannon_entropy
(-0.00491, 0.245]      6907
(0.245, 0.491]          198
(0.491, 0.736]         3317
(0.736, 0.981]         9092
(0.981, 1.227]         6714
(1.227, 1.472]        17791
(1.472, 1.717]        20569
(1.717, 1.963]        93795
(1.963, 2.208]        65151
(2.208, 2.453]       285278
(2.453, 2.699]       425475
(2.699, 2.944]       644638
(2.944, 3.189]       842280
(3.189, 3.435]       353889
(3.435, 3.68]        165283
(3.68, 3.926]         64684
(3.926, 4.171]        11630
(4.171, 4.416]         6081
(4.416, 4.662]         2403
(4.662, 4.907]           43

Password in most 100 most commmon:
   common    count
0   False  2984197
1    True    41021

Score Distribution:
score
0    116994
1    896987
2    849802
3    672446
4    488989
Name: Password, dtype: int64

Guesses Interval Count:
guesses
(2.0, 61.091]                                        33786
(61.091, 1866.066]                                   89993
(1866.066, 57000.084]                               351143
(57000.084, 1741101.127]                            629475
(1741101.127, 53182958.969]                         451461
(53182958.969, 1624504792.712]                      763245
(1624504792.712, 49621455306.045]                   282605
(49621455306.045, 1515716566510.401]                205801
(1515716566510.401, 46298454888609.3]                77252
(46298454888609.3, 1414213562373095.2]               62593
(1414213562373095.2, 4.319798586825116e+16]          30040
(4.319798586825116e+16, 1.319507910772903e+18]        9064
(1.319507910772903e+18, 4.030514598301905e+19]        4593
(4.030514598301905e+19, 1.2311444133449223e+21]       8895
(1.2311444133449223e+21, 3.760603093086394e+22]       1649
(3.760603093086394e+22, 1.1486983549970388e+24]       3098
(1.1486983549970388e+24, 3.5087667539249917e+25]      1213
(3.5087667539249917e+25, 1.071773462536295e+27]       1333
(1.071773462536295e+27, 3.2737951410195228e+28]        810
(3.2737951410195228e+28, 1e+30]                       4860
