Total users read: 27401746

20 Most Common Passwords:
Password
123456        380532
123456789     181188
123           167767
12345         106212
1234           55567
1234567        43311
password       42816
love           39165
12345678       37380
iloveyou       31722
1234567890     30479
111111         25775
qwerty         23786
mylove         16421
123123         15893
loveme         15672
sex            15590
000000         15355
sexy           14593
nothing        13904
Name: count, dtype: int64

Password Length Distribution:
length
1          16
2          53
3      553954
4     1066951
5     1150415
6     5545590
7     3981982
8     5616491
9     3642844
10    2691690
11    1232095
12     737899
13     406130
14     229470
15     129085
16      83790
17      48387
18      43753
19      37801
20      37968
21      32939
22      29747
23      25242
24      21300
25      14742
26      11246
27       8013
28       5682
29       3896
30       2863
31       2031
32       7676
33          3
34          1
54          1

Password mask:
mask                  d        ds          l         ld       lds        ls        lu        lud      luds       lus         s  total         u        ud       uds        us         z
Length Group                                                                                                                                                                           
smaller       31.479197  0.070001  59.350817   5.199306  0.036624  0.181209  1.141377   0.132352  0.003247  0.013531  0.043805  100.0  1.991456  0.334309  0.005629  0.016634  0.000505
6             24.893636  0.048777  51.569103  19.490153  0.131871  0.232076  1.023786   0.639950  0.019691  0.020286  0.030168  100.0  1.233899  0.643340  0.009449  0.013542  0.000270
7              9.641530  0.087494  49.316823  34.445937  0.435562  0.527225  1.292095   1.950235  0.077700  0.057183  0.008463  100.0  1.100532  1.009095  0.026042  0.023958  0.000126
8              8.191111  0.086851  33.699618  47.208106  0.743916  0.472519  1.011557   6.290725  0.421277  0.068815  0.007247  100.0  0.686158  1.052846  0.039153  0.019745  0.000356
9              8.169441  0.080706  27.991976  51.160330  1.153494  0.684136  0.999768   7.395458  0.632061  0.087871  0.006396  100.0  0.523574  1.040863  0.045267  0.028467  0.000192
10            10.543562  0.089275  23.719559  52.789140  1.246689  0.749418  0.861541   7.622683  0.768848  0.096296  0.012669  100.0  0.432739  0.991385  0.047368  0.028569  0.000260
bigger         2.669239  0.125612  25.141952  45.767349  5.461139  6.112997  1.120612  10.167748  1.516359  0.299420  0.011835  100.0  0.450796  0.974947  0.097216  0.082462  0.000317

Simple entropy table:
simple_entropy
(-0.162, 8.096]       2083892
(8.096, 16.193]       6871945
(16.193, 24.289]      9631072
(24.289, 32.385]      5478836
(32.385, 40.482]      2044434
(40.482, 48.578]       705678
(48.578, 56.675]       208391
(56.675, 64.771]       115785
(64.771, 72.867]        68743
(72.867, 80.964]        58719
(80.964, 89.06]         50778
(89.06, 97.156]         35862
(97.156, 105.253]       21551
(105.253, 113.349]      12935
(113.349, 121.446]       6919
(121.446, 129.542]       4594
(129.542, 137.638]       1192
(137.638, 145.735]        332
(145.735, 153.831]         57
(153.831, 161.927]         31

Shannon Entropy table:
shannon_entropy
(-0.005, 0.25]     299941
(0.25, 0.5]          1285
(0.5, 0.75]         22494
(0.75, 1.0]        351416
(1.0, 1.25]          7584
(1.25, 1.5]        509320
(1.5, 1.75]        765096
(1.75, 2.0]       2154803
(2.0, 2.25]       1288127
(2.25, 2.5]       4136687
(2.5, 2.75]       7992226
(2.75, 3.0]       5365324
(3.0, 3.25]       2583608
(3.25, 3.5]       1462798
(3.5, 3.75]        355635
(3.75, 4.0]         88163
(4.0, 4.25]         15386
(4.25, 4.5]          1344
(4.5, 4.75]           438
(4.75, 5.0]            71

Password in most 100 most commmon:
   common     count
0   False  25849680
1    True   1552066

Score Distribution:
score
0     5172897
1    12573273
2     5545927
3     3112295
4      997354
Name: Password, dtype: int64

Guesses Interval Count:
guesses
(2.0, 86.294]                                      2035200
(86.294, 3723.291]                                 4196254
(3723.291, 160648.064]                             7570911
(160648.064, 6931448.432]                          5788131
(6931448.432, 299069756.244]                       4619359
(299069756.244, 12903900242.964]                   1857198
(12903900242.964, 556761885827.027]                 404485
(556761885827.027, 24022488679628.625]              202232
(24022488679628.625, 1036493296421822.2]             64211
(1036493296421822.2, 4.47213595499958e+16]           52571
(4.47213595499958e+16, 1.9295831501316908e+18]       54382
(1.9295831501316908e+18, 8.325532074018732e+19]      57971
(8.325532074018732e+19, 3.5921999168983233e+21]      37378
(3.5921999168983233e+21, 1.549918987548337e+23]      30115
(1.549918987548337e+23, 6.687403049764221e+24]       17654
(6.687403049764221e+24, 2.885399811814427e+26]        8471
(2.885399811814427e+26, 1.244957423990209e+28]        7091
(1.244957423990209e+28, 5.371591767636877e+29]        3533
(5.371591767636877e+29, 2.317669469022034e+31]        2762
(2.317669469022034e+31, 1e+33]                        2524
