Total users read: 6038126

20 Most Common Passwords:
Password
123456        39086
123456789     10914
password      10144
cashcrate      7829
qwerty         4888
12345678       4690
abc123         3875
iloveyou       3112
1234567        3000
111111         2923
123123         2823
money          2619
darkdevil      2548
1234567890     2214
princess       2077
password1      2051
monkey         1772
000000         1691
sunshine       1649
football       1648
Name: count, dtype: int64

Password Length Distribution:
length
1        1031
2        1275
3        4236
4       25411
5       45310
6      948675
7      797247
8     1628436
9     1034914
10     788870
11     356293
12     206664
13      94056
14      51259
15      26175
16      14228
17       5391
18       3337
19       1665
20       1444
21        258
22        400
23        110
24        253
25         71
26        248
27         34
28        146
29         13
30        121
31         15
32         66
33          9
34         41
35          6
36         22
37          3
38         14
39          1
40          8
41          2
42         50
43          4
44          4
45          2
46          3
47          1
48          3
49         17
50          5
53          1
54         18
55          1
56         46
57          2
58          3
59          2
60         13
62          3
63         25
64         85
65          1
66         23
67         24
68         16
69         16

Password mask:
mask                  d        ds          l         ld       lds        ls        lu        lud      luds       lus         s  total         u        ud       uds        us         z
Length Group                                                                                                                                                                           
smaller       20.680015  0.054360  65.990189   7.000764  0.098365  0.315804  3.152867   0.609606  0.020708  0.098365  0.112602  100.0  1.535017  0.293802  0.014237  0.023297       NaN
6             22.428967  0.055762  44.470235  27.841358  0.227054  0.368198  1.622263   1.458982  0.049332  0.050175  0.029093  100.0  0.718476  0.644899  0.016339  0.018763  0.000105
7              8.452337  0.114017  37.613939  45.535449  0.738918  0.693386  1.694331   3.263857  0.181123  0.120540  0.007024  100.0  0.586017  0.942117  0.037253  0.019693       NaN
8              7.758364  0.109369  23.212457  54.334281  1.179844  0.525965  1.086687   9.493403  0.736105  0.105132  0.008904  100.0  0.347143  1.032586  0.051583  0.018177       NaN
9              3.958300  0.110057  22.430173  55.986005  1.801502  0.765378  1.167827  10.968254  1.288899  0.155955  0.005314  100.0  0.318481  0.964235  0.060102  0.019519       NaN
10            12.033161  0.119918  19.449973  51.680251  1.863171  0.802160  1.031475  10.377375  1.275749  0.159469  0.013183  100.0  0.275964  0.843231  0.053748  0.021170       NaN
bigger         3.696896  0.169131  24.812218  50.746865  2.772442  1.247245  1.311227  11.816903  2.000600  0.230359  0.007604  100.0  0.292112  0.796753  0.070537  0.029106       NaN

Simple entropy table:
simple_entropy
(-0.354, 17.696]      1325925
(17.696, 35.392]      4213481
(35.392, 53.088]       460996
(53.088, 70.784]        33619
(70.784, 88.48]          2602
(88.48, 106.176]          615
(106.176, 123.872]        344
(123.872, 141.568]        150
(141.568, 159.264]        114
(159.264, 176.96]         109
(176.96, 194.656]          30
(194.656, 212.352]         16
(212.352, 230.048]         13
(230.048, 247.744]          3
(247.744, 265.44]           5
(265.44, 283.136]           7
(283.136, 300.832]         20
(300.832, 318.528]         37
(318.528, 336.225]         13
(336.225, 353.921]         27

Shannon Entropy table:
shannon_entropy
(-0.00524, 0.262]      21646
(0.262, 0.524]           496
(0.524, 0.785]          3282
(0.785, 1.047]         35275
(1.047, 1.309]          8204
(1.309, 1.571]         55895
(1.571, 1.833]        107882
(1.833, 2.094]        240235
(2.094, 2.356]        689983
(2.356, 2.618]       1268307
(2.618, 2.88]        1431863
(2.88, 3.141]        1474058
(3.141, 3.403]        565689
(3.403, 3.665]        122576
(3.665, 3.927]         11236
(3.927, 4.189]          1168
(4.189, 4.45]            255
(4.45, 4.712]             43
(4.712, 4.974]            28
(4.974, 5.236]             5

Password in most 100 most commmon:
   common    count
0   False  5885502
1    True   152624

Score Distribution:
score
0     556292
1    2773278
2    1658349
3     887586
4     162621
Name: Password, dtype: int64

Guesses Interval Count:
guesses
(2.0, 5126.661]                                      803712
(5126.661, 13141323.957]                            3481967
(13141323.957, 33685553245.515]                     1597276
(33685553245.515, 86347197675330.97]                 105475
(86347197675330.97, 2.2133638394006435e+17]            8084
(2.2133638394006435e+17, 5.6735824872819655e+20]       1062
(5.6735824872819655e+20, 1.454326562446664e+24]         508
(1.454326562446664e+24, 3.72791927319134e+27]           336
(3.72791927319134e+27, 9.555888248407842e+30]           149
(9.555888248407842e+30, 2.449489742783179e+34]           67
(2.449489742783179e+34, 6.278851158603332e+37]           31
(6.278851158603332e+37, 1.6094769119996305e+41]          12
(1.6094769119996305e+41, 4.12562085774322e+44]           25
(4.12562085774322e+44, 1.0575328751189648e+48]            5
(1.0575328751189648e+48, 2.7108060108295353e+51]          5
(2.7108060108295353e+51, 6.948691053715724e+54]          16
(6.948691053715724e+54, 1.7811789986850967e+58]          23
(1.7811789986850967e+58, 4.5657500108029543e+61]         18
(4.5657500108029543e+61, 1.1703525123828756e+65]         27
(1.1703525123828756e+65, 3.000000000000001e+68]          23
