Total users read: 28951772

20 Most Common Passwords:
Password
123456        89116
123456789     41637
1234567890    22968
12345678      20673
1234567       11634
shein123      11368
123123        11155
shopping      10653
password      10235
Aa123456       9467
sheinside      9367
1234           7297
12345          7153
shein          7048
11223344       6767
112233         5874
0987654321     5415
111111         5281
1122334455     5071
shein1         4838
Name: count, dtype: int64

Password Length Distribution:
length
1       17715
2       17798
3       18673
4       58086
5       80794
6     8304134
7     1580198
8     6133124
9     4413348
10    3681033
11    1918742
12    1261242
13     647033
14     375636
15     198776
16     106743
17      42998
18      30032
19      10423
20       7248
21       2792
22       1728
23        971
24        732
25        405
26        360
27        206
28        141
29         77
30        102
31         52
32      40287
33         26
34         11
35         12
36         14
37          8
38          9
39          8
40         19
41          3
42          5
43          4
44          2
45         22

Password mask:
mask                  d        ds          l         ld       lds        ls         lu        lud      luds       lus         s  total         u        ud       uds        us
Length Group                                                                                                                                                                  
smaller       26.458828  1.091337  59.348617   3.386407  0.028488  0.767613   2.364476   0.340298  0.007251  0.030042  5.256752  100.0  0.646929  0.258979  0.008805  0.005180
6              7.302953  0.041931   8.462773   7.479540  0.048759  0.079153  26.888620  46.382525  0.019990  0.017750  0.013355  100.0  0.531061  2.723619  0.005214  0.002758
7             12.203850  0.350905  34.184893  40.787800  1.051577  0.554741   2.433176   6.280542  0.440325  0.126123  0.025123  100.0  0.424694  1.061006  0.059992  0.015251
8             10.181940  0.267254  14.400263  47.486077  1.577646  0.419134   1.290207  21.186120  1.788958  0.109390  0.008462  100.0  0.175245  1.021779  0.077269  0.010256
9              5.329287  0.276774  13.888957  48.114221  2.427658  0.614477   1.350177  22.946706  3.590109  0.140415  0.006412  100.0  0.150475  1.076099  0.077220  0.011012
10            12.140125  0.341263  13.417321  42.665496  2.316850  0.564597   1.280021  22.610419  3.518089  0.128171  0.009753  100.0  0.132517  0.802057  0.064085  0.009237
bigger         1.964656  0.216016  17.776077  45.420798  2.859710  0.977626   1.662410  23.823826  4.069751  0.204783  0.006370  100.0  0.157396  0.784464  0.061289  0.014827

Simple entropy table:
simple_entropy
(-0.231, 11.541]        475973
(11.541, 23.082]      14444970
(23.082, 34.623]      10242578
(34.623, 46.164]       2990983
(46.164, 57.704]        643009
(57.704, 69.245]         92324
(69.245, 80.786]         16136
(80.786, 92.327]          3782
(92.327, 103.868]          964
(103.868, 115.409]        4250
(115.409, 126.95]        33483
(126.95, 138.491]         3219
(138.491, 150.032]          38
(150.032, 161.572]          27
(161.572, 173.113]          13
(173.113, 184.654]          10
(184.654, 196.195]           8
(196.195, 207.736]           3
(219.277, 230.818]           2

Shannon Entropy table:
shannon_entropy
(-0.00517, 0.258]       60299
(0.258, 0.517]           2292
(0.517, 0.775]           8898
(0.775, 1.034]         124754
(1.034, 1.292]          22543
(1.292, 1.551]         199798
(1.551, 1.809]         384348
(1.809, 2.068]         917430
(2.068, 2.326]        3325344
(2.326, 2.585]        2842663
(2.585, 2.843]       10456119
(2.843, 3.102]        5762631
(3.102, 3.36]         3722675
(3.36, 3.619]          959171
(3.619, 3.877]         148863
(3.877, 4.136]          11507
(4.136, 4.394]           2245
(4.394, 4.653]             79
(4.653, 4.911]            108
(4.911, 5.17]               5

Password in most 100 most commmon:
   common     count
0   False  28626024
1    True    325748

Score Distribution:
score
0      949022
1    14850009
2     7020108
3     4855663
4     1276970
Name: Password, dtype: int64

Guesses Interval Count:
guesses
(2.0, 343.541]                                        597583
(343.541, 59010.188]                                 4259443
(59010.188, 10136207.589]                           14709800
(10136207.589, 1741101126.592]                       7053245
(1741101126.592, 299069756244.244]                   1731701
(299069756244.244, 51371352148311.28]                 385215
(51371352148311.28, 8824081226690690.0]                67479
(8824081226690690.0, 1.5157165665104008e+18]           13720
(1.5157165665104008e+18, 2.6035534476326253e+20]        2699
(2.6035534476326253e+20, 4.4721359549995795e+22]         890
(4.4721359549995795e+22, 7.68180888246634e+24]           299
(7.68180888246634e+24, 1.319507910772903e+27]            124
(1.319507910772903e+27, 2.2665249204081405e+29]          663
(2.2665249204081405e+29, 3.8932204747617527e+31]       23531
(3.8932204747617527e+31, 6.687403049764221e+33]        16175
(6.687403049764221e+33, 1.1486983549970389e+36]           17
(1.1486983549970389e+36, 1.9731245461860194e+38]           4
(1.9731245461860194e+38, 3.3892452773398644e+40]           5
(3.3892452773398644e+40, 5.821722491960441e+42]            2
(5.821722491960441e+42, 1e+45]                             7
