Total users read: 50000

20 Most Common Passwords:
Password
123456789     202
password      196
12345678      155
abc123456     131
1qaz2wsx       57
1234567890     53
987654321a     51
1q2w3e4r       38
Password1      33
password1      23
trustno1       23
P@ssw0rd       22
sunshine       22
chocolate      19
iloveyou       16
abcd1234       15
123123123      15
barcelona      15
1qazxsw2       14
Passw0rd       13
Name: count, dtype: int64

Password Length Distribution:
length
8     23721
9     11346
10     7612
11     3280
12     2004
13      922
14      527
15      310
16      145
17       57
18       30
19       17
20       10
21        4
22        2
23        1
24        2
25        2
26        3
27        1
28        2
30        2

Password mask:
mask                 d        ds          l         ld       lds        ls        lu        lud      luds       lus  total         u        ud       uds        us
Length Group                                                                                                                                                      
8             9.316639  0.080098  22.937482  51.764260  1.433329  0.459508  1.041271  10.577126  1.222545  0.198137  100.0  0.160196  0.758821  0.046372  0.004216
9             4.618368  0.070509  23.118280  53.745814  2.432575  0.590516  1.136965  11.431341  1.727481  0.185087  100.0  0.158646  0.669840  0.105764  0.008814
10            5.097215  0.144509  21.663163  53.152916  2.627430  0.775092  1.129795  12.480294  1.747241  0.170783  100.0  0.078823  0.735681  0.183920  0.013137
bigger        2.117197  0.109275  22.551564  50.881027  4.193416  1.202022  1.461549  13.249556  2.991395  0.327824  100.0  0.177571  0.601011  0.136593       NaN

Simple entropy table:
simple_entropy
(-0.125, 6.255]          51
(6.255, 12.51]          122
(12.51, 18.765]        3244
(18.765, 25.02]       22243
(25.02, 31.274]       14111
(31.274, 37.529]       6406
(37.529, 43.784]       2394
(43.784, 50.039]        832
(50.039, 56.294]        387
(56.294, 62.549]        119
(62.549, 68.804]         49
(68.804, 75.059]         12
(75.059, 81.314]         12
(81.314, 87.568]          4
(87.568, 93.823]          4
(93.823, 100.078]         3
(100.078, 106.333]        1
(106.333, 112.588]        2
(112.588, 118.843]        2
(118.843, 125.098]        2

Shannon Entropy table:
shannon_entropy
(-0.00432, 0.216]       51
(0.432, 0.648]           6
(0.648, 0.864]          24
(0.864, 1.08]          106
(1.08, 1.297]            3
(1.297, 1.513]         332
(1.513, 1.729]         110
(1.729, 1.945]         523
(1.945, 2.161]        1815
(2.161, 2.377]        1401
(2.377, 2.593]        6677
(2.593, 2.809]       13432
(2.809, 3.025]       14237
(3.025, 3.241]        6960
(3.241, 3.458]        3378
(3.458, 3.674]         841
(3.674, 3.89]           87
(3.89, 4.106]           15
(4.106, 4.322]           2

Password in most 100 most commmon:
   common  count
0   False  49039
1    True    961

Score Distribution:
score
0     2444
1    16211
2    18898
3     9924
4     2523
Name: Password, dtype: int64

Guesses Interval Count:
guesses
(3.0, 79.18]                                          892
(79.18, 2089.844]                                    1932
(2089.844, 55158.196]                                7808
(55158.196, 1455815.43]                              9479
(1455815.43, 38424000.926]                           9602
(38424000.926, 1014142188.865]                      14925
(1014142188.865, 26766717531.75]                     3152
(26766717531.75, 706466189150.646]                   1202
(706466189150.646, 18646084482381.164]                562
(18646084482381.164, 492134615730290.06]              145
(492134615730290.06, 1.2989133468147252e+16]           64
(1.2989133468147252e+16, 3.4282812641208026e+17]       15
(3.4282812641208026e+17, 9.048419168794769e+18]         9
(9.048419168794769e+18, 2.388190558081574e+20]          4
(2.388190558081574e+20, 6.303260310242311e+21]          2
(6.303260310242311e+21, 1.6636482547101206e+23]         2
(1.6636482547101206e+23, 4.390942748949604e+24]         1
(4.390942748949604e+24, 1.1589215550803183e+26]         1
(1.1589215550803183e+26, 3.0587945405370584e+27]        2
(3.0587945405370584e+27, 8.073216000000006e+28]         2
