Total users read: 1896399

20 Most Common Passwords:
Password
123456        54493
123456789     10384
gigasize       4518
12345678       4000
111111         2651
1234567        2448
000000         2427
qwerty         2414
12345          2384
password       2372
123123         2250
1234           1690
666666         1623
654321         1590
1234567890     1178
159753         1064
123            1022
naruto          912
carlos          883
dragon          864
Name: count, dtype: int64

Password Length Distribution:
length
1       1933
2       2411
3       5118
4      21746
5      28945
6     538864
7     306418
8     457236
9     214085
10    141522
11     68490
12     45520
13     24467
14     15974
15      9691
16      7469
17      2258
18      1496
19       789
20       670
21       259
22       216
23       146
24        86
25        71
26        49
27        38
28        23
29        17
30        20
31        17
32       330
33         4
34         4
35         4
39         1
41         1
45         1
50         2
51         1
52         1
58         1
59         3
64         2

Password mask:
mask                  d        ds          l         ld       lds        ls        lu       lud      luds       lus         s  total         u        ud       uds        us
Length Group                                                                                                                                                                
smaller       32.340864  0.144631  55.367147   5.027181  0.074809  0.269313  2.079697  0.375709  0.023274  0.038236  0.290925  100.0  3.540971  0.347447  0.016624  0.063172
6             41.938226  0.045837  41.020183  13.591927  0.086478  0.149574  0.717064  0.375976  0.009836  0.015032  0.007980  100.0  1.500379  0.524622  0.006495  0.010392
7             16.073795  0.121076  52.415002  25.178025  0.565567  0.347564  1.198689  1.193141  0.051237  0.048300  0.001632  100.0  1.816473  0.934671  0.036878  0.017949
8             27.218111  0.109571  38.109641  28.208190  0.580007  0.312749  0.939121  2.093448  0.085295  0.043085  0.000875  100.0  1.272428  0.975645  0.035649  0.016184
9             15.398090  0.193848  43.137539  32.932247  1.239695  0.597426  1.095826  2.428475  0.166289  0.067263  0.001401  100.0  1.472780  1.178037  0.067730  0.023355
10            12.459547  0.523594  41.549724  35.725894  1.605404  0.729922  1.071212  3.068074  0.202089  0.104577  0.000707  100.0  1.418861  1.408968  0.110230  0.021198
bigger         6.068347  0.249269  40.558946  39.254215  3.033893  1.524806  1.227256  4.161216  0.382886  0.211654  0.001684  100.0  1.492805  1.586001  0.176846  0.070177

Simple entropy table:
simple_entropy
(-0.298, 14.881]       417090
(14.881, 29.762]      1216084
(29.762, 44.643]       221788
(44.643, 59.524]        35681
(59.524, 74.405]         4216
(74.405, 89.286]          869
(89.286, 104.167]         220
(104.167, 119.048]        192
(119.048, 133.929]        233
(133.929, 148.81]          14
(148.81, 163.691]           3
(163.691, 178.572]          3
(223.214, 238.095]          2
(238.095, 252.976]          2
(282.738, 297.619]          2

Shannon Entropy table:
shannon_entropy
(-0.00487, 0.243]     20254
(0.243, 0.487]           32
(0.487, 0.73]          1694
(0.73, 0.974]          4940
(0.974, 1.217]        20294
(1.217, 1.46]         19947
(1.46, 1.704]         46799
(1.704, 1.947]       120849
(1.947, 2.191]        95220
(2.191, 2.434]       317856
(2.434, 2.677]       503528
(2.677, 2.921]       342607
(2.921, 3.164]       266267
(3.164, 3.407]       108385
(3.407, 3.651]        23224
(3.651, 3.894]         3896
(3.894, 4.138]          494
(4.138, 4.381]           96
(4.381, 4.624]            9
(4.624, 4.868]            8

Password in most 100 most commmon:
   common    count
0   False  1780661
1    True   115738

Score Distribution:
score
0    283186
1    846533
2    490670
3    203242
4     72768
Name: Password, dtype: int64

Guesses Interval Count:
guesses
(2.0, 1721.783]                                     260784
(1721.783, 1482268.898]                             869126
(1482268.898, 1276072931.359]                       584570
(1276072931.359, 1098560543306.116]                 104239
(1098560543306.116, 945741609003175.9]               18730
(945741609003175.9, 8.141810630738035e+17]            3172
(8.141810630738035e+17, 7.009216863860836e+20]         658
(7.009216863860836e+20, 6.034176336545144e+23]         141
(6.034176336545144e+23, 5.194772079068646e+26]          65
(5.194772079068646e+26, 4.4721359549995795e+29]         32
(4.4721359549995795e+29, 3.850024543056675e+32]        320
(3.850024543056675e+32, 3.3144540173399438e+35]          1
(3.3144540173399438e+35, 2.8533858187665465e+38]         1
(2.8533858187665465e+38, 2.4564560522315567e+41]         1
(2.4564560522315567e+41, 2.1147425268811284e+44]         1
(1.567308537663059e+50, 1.3492828476735588e+53]          1
(1.3492828476735588e+53, 1.1615863496415308e+56]         1
(1.1615863496415308e+56, 1e+59]                          2
