Total users read: 29309993

20 Most Common Passwords:
Password
zinch        483540
123456        57950
Chegg123      42380
password      36699
Testing1      35311
testing       31902
Chegg1        23583
A1b2c3        18502
010203Zaq     17877
,             16143
Password1     12005
123456789     11401
Password      10676
1234567       10592
Chegg2         9983
cramster       9153
qwerty         7173
abc123         7068
Aa123456       6658
12345678       6586
Name: count, dtype: int64

Password Length Distribution:
length
1          334
2        16432
3         1931
4        12216
5       508490
6      1809480
7      2708622
8      8033784
9      5705106
10     4642667
11     2563377
12     1549102
13      801037
14      449910
15      241935
16      131766
17       50146
18       26676
19       13581
20        9578
21        4799
22        7256
23        2381
24        5646
25        1177
26        4301
27         540
28        2765
29         259
30        1791
31          80
32        1265
33          15
34         614
35           8
36         428
37           4
38         218
40          89
42          38
43           2
44          18
46          13
47           1
48           5
50          12
52           9
54           6
56           6
57           1
58           2
60           5
62           3
63           1
64           1
66           7
68           2
70           1
72           3
78           6
82           2
90           2
91           1
96           2
102          2
105          6
108          2
114          1
120         11
126          1
130          1
132          1
135         13

Password mask:
mask                  d        ds          l         ld       lds        ls        lu        lud       luds       lus         s  total         u        ud       uds        us         z
Length Group                                                                                                                                                                            
smaller        1.728392  0.004449  94.277377   0.568035  0.004820  0.032629  0.185946   0.038005   0.002039  0.010753  3.004618  100.0  0.085836  0.028735  0.001854  0.025955  0.000556
6             17.091872  0.051009  33.528638  28.473429  0.402049  0.428300  1.138946  16.237759   0.884950  0.746789  0.017961  100.0  0.346398  0.577072  0.061786  0.012656  0.000387
7              4.568301  0.065605  21.052550  35.465746  1.147742  0.645605  1.729699  20.320000   3.523969  1.977611  0.003286  100.0  1.049759  8.162047  0.246140  0.041829  0.000111
8              2.157775  0.038126   8.670310  31.919740  1.354791  0.298452  0.611144  47.868551   5.901814  0.523128  0.001631  100.0  0.081730  0.455340  0.110085  0.007356  0.000025
9              0.968501  0.031428   6.384947  24.070158  2.024783  0.359029  0.315875  51.351999  13.103350  0.761861  0.000701  100.0  0.061699  0.376540  0.181644  0.007397  0.000088
10             1.141994  0.025460   5.469550  23.006065  1.948191  0.333666  0.301508  51.418010  13.523068  0.751055  0.001960  100.0  0.051177  0.265322  1.757007  0.005966       NaN
bigger         0.430800  0.019707   5.435816  13.866659  2.450105  0.496889  0.320818  55.441582  17.578950  1.977932  0.000630  100.0  0.052615  0.174930  1.739094  0.013439  0.000034

Simple entropy table:
simple_entropy
(-0.473, 23.661]      10945458
(23.661, 47.322]      17512275
(47.322, 70.982]        800379
(70.982, 94.643]         35148
(94.643, 118.304]        12027
(118.304, 141.965]        3704
(141.965, 165.625]         757
(165.625, 189.286]         128
(189.286, 212.947]          29
(212.947, 236.608]          19
(236.608, 260.268]          11
(260.268, 283.929]           9
(283.929, 307.59]            6
(331.251, 354.911]           8
(354.911, 378.572]           5
(378.572, 402.233]          13
(402.233, 425.894]           2
(425.894, 449.554]          14
(449.554, 473.215]           1

Shannon Entropy table:
shannon_entropy
(-0.00532, 0.266]      24624
(0.266, 0.532]           552
(0.532, 0.798]          4103
(0.798, 1.064]         63316
(1.064, 1.33]          13619
(1.33, 1.597]         138360
(1.597, 1.863]        183095
(1.863, 2.129]        511240
(2.129, 2.395]       2000652
(2.395, 2.661]       4494907
(2.661, 2.927]       7757262
(2.927, 3.193]       9802778
(3.193, 3.459]       3173566
(3.459, 3.725]       1028516
(3.725, 3.991]        100783
(3.991, 4.258]         11480
(4.258, 4.524]           856
(4.524, 4.79]            154
(4.79, 5.056]            118
(5.056, 5.322]            12

Password in most 100 most commmon:
   common     count
0   False  29047482
1    True    262511

Score Distribution:
score
0     1023981
1    10185074
2     9774754
3     6718045
4     1608139
Name: Password, dtype: int64

Guesses Interval Count:
guesses
(2.0, 43645.329]                                     4776380
(43645.329, 952457388.257]                          20082910
(952457388.257, 20785158214498.504]                  4272497
(20785158214498.504, 4.535875382228447e+17]            92726
(4.535875382228447e+17, 9.898488753746761e+21]         12910
(9.898488753746761e+21, 2.160114010008673e+26]          8483
(2.160114010008673e+26, 4.7139443730433565e+30]         4102
(4.7139443730433565e+30, 1.0287082741553026e+35]        1475
(1.0287082741553026e+35, 2.244915572969235e+39]          364
(2.244915572969235e+39, 4.899003980402556e+43]            57
(4.899003980402556e+43, 1.069093211744092e+48]            17
(1.069093211744092e+48, 2.3330462681178744e+52]           11
(2.3330462681178744e+52, 5.09132864130621e+56]            11
(5.09132864130621e+56, 1.111063577607356e+61]              5
(1.111063577607356e+61, 2.4246367902287853e+65]            2
(2.4246367902287853e+65, 5.291203566577906e+69]            2
(2.519822964879894e+78, 5.498925163822072e+82]             2
(5.498925163822072e+82, 1.200012000000004e+87]             1
