Total users read 129949 
20 most common passwords 
Password
123456789       176
12345678        165
123456           93
az123456789      82
Ex@cutive69      70
abcd2014         62
latadevi778      32
1234567890       31
booking.com      31
qwertyuiop       31
password         28
1q2w3e4r         24
P@ssw0rd         23
booking123       22
224042540        21
bBooking18!      19
UNKNOWN          18
abcd1234         17
Qwerty123        17
qu6qu6gj4ao6     16
Name: count, dtype: int64 
Length: 
length
1       106
2        92
3        96
4       274
5       225
6      1805
7      1433
8     32181
9     21841
10    23934
11    15729
12    11657
13     6905
14     4651
15     4697
16     1879
17      895
18      593
19      347
20      300
21      104
22       95
23       54
24       26
25       12
26        9
27        4
28        2
30        2
31        1
Name: count, dtype: int64 
table 
mask                  d        ds          l         ld       lds        ls         lu        lud       luds       lus         s  total         u        ud       uds        us         z
Length Group                                                                                                                                                                             
6             35.056747  0.504414  33.669609   4.413619       NaN  0.378310  14.627995   2.522068        NaN  0.504414  1.639344  100.0  5.296343  0.882724  0.126103  0.252207  0.126103
7             47.423823  0.277008  27.811634  16.343490  0.332410       NaN   2.770083   2.603878   0.277008  0.277008       NaN  100.0  0.609418  1.052632  0.221607       NaN       NaN
8             22.051640  0.279135  32.240056  30.286113  0.907188  0.558269   4.117237   4.884857   0.907188  0.279135  0.069784  100.0  1.605024  1.465457  0.139567  0.209351       NaN
9             14.452627  0.292098   9.747988  46.381405  2.231130  0.320065   0.888723  19.589199   3.601504  0.127404  0.015537  100.0  0.217520  1.867562  0.251701  0.009322  0.006215
10             4.866993  0.325077   8.126917  45.826656  3.882606  0.283870   0.819560  23.039238   9.871343  0.187720  0.027471  100.0  0.206035  2.142759  0.361705  0.032050       NaN
other          2.517525  0.179426   5.179704  31.011461  3.869478  0.456215   0.628686  31.425949  22.425448  0.301825  0.004173  100.0  0.130744  1.276844  0.543841  0.045900  0.002782 
entropy
(-0.123, 6.131]         498
(6.131, 12.262]        1209
(12.262, 18.394]       4592
(18.394, 24.525]      34216
(24.525, 30.656]      30223
(30.656, 36.787]      27440
(36.787, 42.918]      12304
(42.918, 49.05]        9152
(49.05, 55.181]        4111
(55.181, 61.312]       4093
(61.312, 67.443]        930
(67.443, 73.574]        520
(73.574, 79.706]        313
(79.706, 85.837]        173
(85.837, 91.968]         90
(91.968, 98.099]         50
(98.099, 104.23]         18
(104.23, 110.361]         8
(110.361, 116.493]        6
(116.493, 122.624]        3
 Password is common:
   common   count
0   False  129174
1    True     775