Total users read: 1456977

20 Most Common Passwords:
Password
super123       4987
password       3873
123456         3754
kickstarter    2498
Sample123      1070
monkey         1059
sunshine       1028
qwerty         1005
kickstart       930
trustno1        900
abc123          807
maggie          786
password1       777
charlie         719
letmein         717
shadow          676
ginger          636
12345678        620
1qaz2wsx        608
buster          601
Name: count, dtype: int64

Password Length Distribution:
length
6     295029
7     215170
8     443783
9     182596
10    243592
11     40104
12     20057
13      7948
14      4278
15      2857
16       986
17       277
18       143
19        73
20        41
21         8
22        14
23         4
24         5
25         8
26         2
27         2

Password mask:
mask                  d        ds          l         ld       lds        ls        lu        lud      luds       lus         s  total         u        ud       uds        us
Length Group                                                                                                                                                                 
6             10.472869  0.007796  60.736402  25.082280  0.081348  0.120666  1.888967   1.097180  0.024404  0.015592  0.007796  100.0  0.268109  0.191846  0.003051  0.001695
7              2.480829  0.026491  54.545708  37.185946  0.266766  0.264442  2.012362   2.623972  0.101780  0.050193       NaN  100.0  0.198448  0.227262  0.013013  0.002788
8              3.686486  0.014647  30.628934  53.860558  0.702821  0.263417  1.063808   8.548547  0.690878  0.070305  0.000901  100.0  0.109513  0.329666  0.025914  0.003605
9              1.283161  0.019168  28.416285  55.155096  1.198821  0.357072  1.093124  10.919188  1.041096  0.099126  0.000548  100.0  0.081053  0.309974  0.023549  0.002738
10             0.695015  0.012316  10.694933  81.597097  0.592795  0.179398  0.362491   5.042038  0.581300  0.046800  0.001232  100.0  0.031200  0.154767  0.008210  0.000411
bigger         0.768159  0.019529  26.215059  52.432721  2.429466  0.493445  0.986889  13.782598  2.283646  0.180973  0.002604  100.0  0.065098  0.300754  0.032549  0.006510

Simple entropy table:
simple_entropy
(-0.117, 5.835]         3612
(5.835, 11.669]        24328
(11.669, 17.504]      340127
(17.504, 23.338]      485493
(23.338, 29.173]      318594
(29.173, 35.008]      237397
(35.008, 40.842]       27000
(40.842, 46.677]       13388
(46.677, 52.511]        3945
(52.511, 58.346]        2251
(58.346, 64.181]         541
(64.181, 70.015]         153
(70.015, 75.85]           78
(75.85, 81.684]           28
(81.684, 87.519]          20
(87.519, 93.354]          14
(93.354, 99.188]           3
(99.188, 105.023]          4
(110.857, 116.692]         1

Shannon Entropy table:
shannon_entropy
(-0.00439, 0.22]      3612
(0.439, 0.659]         665
(0.659, 0.878]         366
(0.878, 1.098]        9489
(1.098, 1.318]        1521
(1.318, 1.537]       10750
(1.537, 1.757]       11737
(1.757, 1.977]       46898
(1.977, 2.196]       36608
(2.196, 2.416]      176926
(2.416, 2.635]      317257
(2.635, 2.855]      339350
(2.855, 3.075]      266497
(3.075, 3.294]      166035
(3.294, 3.514]       63538
(3.514, 3.733]        5065
(3.733, 3.953]         599
(3.953, 4.173]          50
(4.173, 4.392]          14

Password in most 100 most commmon:
   common    count
0   False  1426693
1    True    30284

Score Distribution:
score
0    214814
1    734447
2    257287
3    233467
4     16962
Name: Password, dtype: int64

Guesses Interval Count:
guesses
(2.0, 36.626]                                        29166
(36.626, 670.745]                                   150878
(670.745, 12283.464]                                297683
(12283.464, 224949.223]                             336306
(224949.223, 4119534.288]                           208566
(4119534.288, 75441748.81]                          118681
(75441748.81, 1381577883.769]                       136808
(1381577883.769, 25301076380.565]                   161556
(25301076380.565, 463343017817.464]                   7702
(463343017817.464, 8485281374238.575]                 3589
(8485281374238.575, 155392435477174.94]               1688
(155392435477174.94, 2845728731735166.5]               445
(2845728731735166.5, 5.211432583417198e+16]            103
(5.211432583417198e+16, 9.543787244591867e+17]          37
(9.543787244591867e+17, 1.7477703781463656e+19]          7
(1.7477703781463656e+19, 3.200722330075917e+20]          4
(3.200722330075917e+20, 5.86153854210057e+21]            1
(5.86153854210057e+21, 1.0734337608009738e+23]           2
(1.9657979394850176e+24, 3.6000000000000036e+25]         1
