Total users read: 67241910

20 Most Common Passwords:
Password
123456        715060
123456789     106550
linkedin      106316
password       88564
12345678       59569
111111         52170
1234567        49421
654321         34189
000000         31525
qwerty         26768
sunshine       26246
abc123         22110
666666         21550
1234567890     21469
123123         20565
charlie        19165
zzzzzzzz       17779
linked         16373
maggie         16337
121212         16022
Name: count, dtype: int64

Password Length Distribution:
length
6     18218093
7     11924922
8     21621192
9      8322036
10     3736018
11     1446151
12     1073163
13      415325
14      235775
15      124579
16       69255
17       16241
18       10775
19        6054
20        5253
21        3712
22        3084
23        2408
24        2012
25        1480
26        1278
27         850
28         588
29         448
30         322
31         212
32         180
33         130
34          80
35          60
36          40
37          34
38          24
39          26
40          28
41          10
42          14
43           2
44           4
45          18
46          10
48           8
49           2
50           6
52           4
53           2
55           2

Password mask:
mask                  d        ds          l         ld       lds        ls        lu       lud      luds       lus         s  total         u        ud       uds        us         z
Length Group
smaller        0.000000  0.000000  0.000000   0.000000   0.000000  0.000000  0.000000  0.000000  0.000000  0.000000  0.000000  0.0    0.000000  0.000000  0.000000  0.000000  0.000000                                                                                                                                                                        
6             30.679073  0.020567  43.672189  20.658474  0.059051  0.156526  1.911111  1.162350  0.003716  0.015133  0.017795  100.0  1.231408  0.409115  0.000582  0.002547  0.000362
7              8.350134  0.060436  48.082839  35.585348  0.209846  0.259373  2.383722  3.273103  0.021820  0.037895  0.004201  100.0  1.191815  0.534435  0.002449  0.002415  0.000168
8             13.517395  0.023616  30.589081  45.473057  0.408220  0.203069  1.332780  6.997288  0.275313  0.050372  0.004375  100.0  0.617265  0.500472  0.004657  0.002918  0.000120
9              4.049237  0.039846  36.250841  47.154182  0.533187  0.277156  1.589467  8.498738  0.190735  0.061127  0.004746  100.0  0.767060  0.576397  0.003677  0.003389  0.000216
10             2.767813  0.055085  40.422262  44.002036  0.610570  0.362525  1.565517  8.269098  0.249544  0.075883  0.017425  100.0  0.966698  0.626496  0.003587  0.005407  0.000054
bigger         2.969983  0.060854  45.844851  40.009077  0.927083  1.170880  1.368825  5.775593  0.186130  0.118638  0.009621  100.0  1.062711  0.461129  0.012165  0.022341  0.000117

Simple entropy table:
simple_entropy
(-0.198, 9.899]        1952100
(9.899, 19.798]       31962178
(19.798, 29.697]      27336735
(29.697, 39.596]       4780534
(39.596, 49.496]        971978
(49.496, 59.395]        189046
(59.395, 69.294]         24292
(69.294, 79.193]          9417
(79.193, 89.092]          6586
(89.092, 98.991]          4342
(98.991, 108.89]          2332
(108.89, 118.789]         1184
(118.789, 128.689]         640
(128.689, 138.588]         296
(138.588, 148.487]         126
(148.487, 158.386]          50
(158.386, 168.285]          36
(168.285, 178.184]          12
(178.184, 188.083]          14
(188.083, 197.982]          12

Shannon Entropy table:
shannon_entropy
(-0.00491, 0.245]      348051
(0.245, 0.491]           1421
(0.491, 0.736]          50736
(0.736, 0.981]         125628
(0.981, 1.227]         427842
(1.227, 1.472]         646574
(1.472, 1.717]         973203
(1.717, 1.963]        4052505
(1.963, 2.208]        2538367
(2.208, 2.453]       10993833
(2.453, 2.699]       17640027
(2.699, 2.944]       15920397
(2.944, 3.189]       11860310
(3.189, 3.435]        1373338
(3.435, 3.68]          250002
(3.68, 3.926]           33449
(3.926, 4.171]           5595
(4.171, 4.416]            540
(4.416, 4.662]             10
(4.662, 4.907]             82

Password in most 100 most commmon:
   common     count
0   False  65438426
1    True   1803484

Score Distribution:
score
0     7637564
1    37711503
2    17755420
3     3539953
4      597470
Name: Password, dtype: int64

Guesses Interval Count:
guesses
(2.0, 167.328]                                       3156681
(167.328, 13999.293]                                13782950
(13999.293, 1171235.349]                            28966195
(1171235.349, 97990106.511]                         13072207
(97990106.511, 8198233587.26]                        6812541
(8198233587.26, 685896120988.864]                     550821
(685896120988.864, 57384738282969.9]                  131738
(57384738282969.9, 4801030487032603.0]                 25919
(4801030487032603.0, 4.016728912094218e+17]            10638
(4.016728912094218e+17, 3.3605516975639454e+19]         7806
(3.3605516975639454e+19, 2.8115683082311565e+21]        4814
(2.8115683082311565e+21, 2.3522674439378495e+23]        2454
(2.3522674439378495e+23, 1.9679984696125096e+25]        1226
(1.9679984696125096e+25, 1.6465040939024754e+27]         554
(1.6465040939024754e+27, 1.3775293899346213e+29]         172
(1.3775293899346213e+29, 1.1524946868708254e+31]          76
(1.1524946868708254e+31, 9.642218982554781e+32]           38
(9.642218982554781e+32, 8.067055576626801e+34]             8
(8.067055576626801e+34, 6.749212582096203e+36]             4
(6.749212582096203e+36, 5.6466538559999576e+38]            6
