Total users read 29309993 
20 most common passwords 
Password
zinch        483540
123456        57950
Chegg123      42380
password      36699
Testing1      35311
testing       31902
Chegg1        23583
A1b2c3        18502
010203Zaq     17877
,             16143
Password1     12005
123456789     11401
Password      10676
1234567       10592
Chegg2         9983
cramster       9153
qwerty         7173
abc123         7068
Aa123456       6658
12345678       6586
Name: count, dtype: int64 
Length: 
length
1         334
2       16432
3        1931
4       12216
5      508490
        ...  
120        11
126         1
130         1
132         1
135        13
Name: count, Length: 73, dtype: int64 
table 
mask                  d        ds          l         ld       lds        ls        lu        lud       luds       lus         s  total         u        ud       uds        us         z
Length Group                                                                                                                                                                            
6              1.728392  0.004449  94.277377   0.568035  0.004820  0.032629  0.185946   0.038005   0.002039  0.010753  3.004618  100.0  0.085836  0.028735  0.001854  0.025955  0.000556
7             17.091872  0.051009  33.528638  28.473429  0.402049  0.428300  1.138946  16.237759   0.884950  0.746789  0.017961  100.0  0.346398  0.577072  0.061786  0.012656  0.000387
8              4.568301  0.065605  21.052550  35.465746  1.147742  0.645605  1.729699  20.320000   3.523969  1.977611  0.003286  100.0  1.049759  8.162047  0.246140  0.041829  0.000111
9              2.157775  0.038126   8.670310  31.919740  1.354791  0.298452  0.611144  47.868551   5.901814  0.523128  0.001631  100.0  0.081730  0.455340  0.110085  0.007356  0.000025
10             0.968501  0.031428   6.384947  24.070158  2.024783  0.359029  0.315875  51.351999  13.103350  0.761861  0.000701  100.0  0.061699  0.376540  0.181644  0.007397  0.000088
other          0.744854  0.022247   5.450712  17.902501  2.228466  0.424812  0.312291  53.664825  15.787925  1.436159  0.001217  100.0  0.051980  0.214846  1.747004  0.010139  0.000019 
entropy
(-0.473, 23.661]      10945458
(23.661, 47.322]      17512275
(47.322, 70.982]        800379
(70.982, 94.643]         35148
(94.643, 118.304]        12027
(118.304, 141.965]        3704
(141.965, 165.625]         757
(165.625, 189.286]         128
(189.286, 212.947]          29
(212.947, 236.608]          19
(236.608, 260.268]          11
(260.268, 283.929]           9
(283.929, 307.59]            6
(331.251, 354.911]           8
(354.911, 378.572]           5
(378.572, 402.233]          13
(402.233, 425.894]           2
(425.894, 449.554]          14
(449.554, 473.215]           1
 Password is common:
   common     count
0   False  29047482
1    True    262511