Total users read: 34147326

20 Most Common Passwords:
Password
123456        792460
fuk19600      202373
123456789     195463
mynoob        116149
password      113420
111111         86224
google         73873
evildick       68681
qwerty         66453
1234567        57662
12345678       53034
123123         50157
1234567890     39480
fuku00198      38556
evony192       38028
000000         30944
654321         28825
abc123         27777
111555         27000
dragon         24072
Name: count, dtype: int64

Password Length Distribution:
length
1          467
2          423
3         1023
4         2063
5       210021
6      9141809
7      5243298
8      9317173
9      4150389
10     3028037
11     1310353
12      790878
13      396107
14      227875
15      137699
16       75001
17       35662
18       25388
19       12762
20       13361
21        3089
22        6626
23        1213
24        3528
25        1900
26        3025
27         277
28        2186
29         138
30        1754
31          62
32         780
33          25
34         639
35          59
36         395
37          16
38         308
39          17
40         136
41          15
42         272
43          10
44          54
45           4
46          89
47           2
48         153
49           3
50          42
51           5
52          20
53           1
54         166
55           1
56          14
58          13
60         128
62           8
64           9
66         118
68           2
72          59
78          70
84          28
90          29
96          22
102         17
108          5
114          5

Password mask:
mask                  d        ds          l         ld       lds        ls        lu       lud      luds       lus         s  total         u        ud       uds        us
Length Group                                                                                                                                                                
smaller       18.490913  0.190190  55.013388  10.732393  0.239256  0.459820  8.759936  2.757983  0.108413  0.194863  0.264957  100.0  1.307962  1.063566  0.325238  0.091123
6             29.632253  0.056827  47.728048  18.026706  0.134842  0.268043  1.598294  0.655822  0.022643  0.027959  0.049071  100.0  1.175325  0.594685  0.010326  0.019154
7             12.547122  0.135888  48.737226  31.097183  0.849046  0.617569  2.071082  1.662046  0.104019  0.078348  0.015372  100.0  1.131311  0.882040  0.033872  0.037877
8             14.463067  0.111182  31.719428  45.798194  0.701500  0.422424  1.904075  3.017149  0.354635  0.071631  0.014854  100.0  0.668014  0.698667  0.032574  0.022603
9             12.590820  0.189886  37.663168  39.331735  1.084043  0.917962  1.840960  3.972278  0.433526  0.117676  0.013565  100.0  0.792504  0.958296  0.052188  0.041394
10            19.599430  0.352208  35.090324  34.725038  1.129709  0.988363  1.794595  3.957184  0.508085  0.129985  0.019947  100.0  0.771193  0.843352  0.044154  0.046433
bigger         8.482901  0.314287  43.043736  33.980187  2.082111  2.165351  2.532511  4.085830  1.279948  0.256173  0.018247  100.0  0.817985  0.795676  0.060964  0.084092

Simple entropy table:
simple_entropy
(-0.409, 20.434]      16590303
(20.434, 40.869]      16595868
(40.869, 61.303]        883265
(61.303, 81.737]         56219
(81.737, 102.171]        12312
(102.171, 122.606]        5250
(122.606, 143.04]         2074
(143.04, 163.474]          801
(163.474, 183.909]         355
(183.909, 204.343]         284
(204.343, 224.777]         186
(224.777, 245.211]         151
(245.211, 265.646]          66
(265.646, 286.08]           84
(286.08, 306.514]           30
(306.514, 326.949]          29
(326.949, 347.383]          22
(347.383, 367.817]          17
(367.817, 388.251]           5
(388.251, 408.686]           5

Shannon Entropy table:
shannon_entropy
(-0.00517, 0.258]      393182
(0.258, 0.517]           3443
(0.517, 0.775]          33287
(0.775, 1.034]         403730
(1.034, 1.292]          71884
(1.292, 1.551]         382732
(1.551, 1.809]         976683
(1.809, 2.068]        1827447
(2.068, 2.326]        5274508
(2.326, 2.585]        5196274
(2.585, 2.843]       11064258
(2.843, 3.102]        5246168
(3.102, 3.36]         2713622
(3.36, 3.619]          468146
(3.619, 3.877]          76982
(3.877, 4.136]          11268
(4.136, 4.394]           2885
(4.394, 4.653]            174
(4.653, 4.911]            611
(4.911, 5.17]              42

Password in most 100 most commmon:
   common     count
0   False  32000157
1    True   2147169

Score Distribution:
score
0     5481655
1    15348906
2     8994156
3     3513078
4      809531
Name: Password, dtype: int64

Guesses Interval Count:
guesses
(2.0, 4219.094]                                      6646813
(4219.094, 8900376.308]                             16476019
(8900376.308, 18775761313.549]                       9537820
(18775761313.549, 39608349210344.01]                  605048
(39608349210344.01, 8.355567057813469e+16]             61547
(8.355567057813469e+16, 1.7626460645167553e+20]        11923
(1.7626460645167553e+20, 3.7183845539855156e+23]        7456
(3.7183845539855156e+23, 7.844106635842792e+26]         3269
(7.844106635842792e+26, 1.6547510893816122e+30]         2446
(1.6547510893816122e+30, 3.4907750428808806e+33]        1214
(3.4907750428808806e+33, 7.363953695630376e+36]          417
(7.363953695630376e+36, 1.5534605743782026e+40]          221
(1.5534605743782026e+40, 3.2770979502212023e+43]         139
(3.2770979502212023e+43, 6.913191845659029e+46]           86
(6.913191845659029e+46, 1.458370247726644e+50]            44
(1.458370247726644e+50, 3.0765004457236452e+53]           34
(3.0765004457236452e+53, 6.490022000443248e+56]           12
(6.490022000443248e+56, 1.3691005839048158e+60]           14
(1.3691005839048158e+60, 2.8881819024966637e+63]          11
(2.8881819024966637e+63, 6.0927552000000054e+66]           2
