Total users read: 12283514

20 Most Common Passwords:
Password
pass12345     57185
123456        36096
123456789     12251
password       8956
surveys        7811
BGSQZKPO       7381
survey         5826
12345678       5374
qwerty         3923
111111         3098
abc123         2972
1234567        2930
123123         2820
sunshine       2515
iloveyou       2409
1234567890     2400
princess       2377
shadow         1880
michael        1816
password1      1668
Name: count, dtype: int64

Password Length Distribution:
length
6      995934
7      832610
8     2280681
9     1083656
10    6158865
11     383320
12     247573
13     119107
14      77896
15      44071
16      28116
17      12076
18       7843
19       5211
20       4970
21        543
22        340
23        231
24        168
25        114
26         87
27         65
28         37

Password mask:
mask                  d        ds          l         ld       lds        ls        lu        lud      luds       lus         s  total         u         ud       uds        us
Length Group                                                                                                                                                                  
6             21.624425  0.041067  47.996855  24.617595  0.136756  0.165071  1.663162   1.335831  0.033235  0.024901  0.015362  100.0  1.339346   0.983700  0.012049  0.010643
7              7.752849  0.082752  42.314169  40.855863  0.498313  0.321639  1.822582   3.401713  0.169227  0.063895  0.006966  100.0  1.162489   1.493376  0.036632  0.017535
8              7.107702  0.055948  17.859797  38.282601  0.593463  0.201694  0.780030   6.387522  0.359147  0.052704  0.005525  100.0  0.803137  27.462192  0.039725  0.008813
9              3.905483  0.081022  20.952129  59.674657  1.390386  0.379179  1.010191   9.247400  0.814465  0.082775  0.005075  100.0  0.582473   1.792635  0.066719  0.015411
10             1.460464  0.012486   6.919830  72.178819  0.198981  0.057673  0.141617   1.521741  0.138938  0.012356  0.001559  100.0  1.143490  16.199884  0.009839  0.002322
bigger         3.404066  0.153364  22.340647  51.979999  2.740060  0.781847  1.284225  12.777859  1.742279  0.178907  0.010840  100.0  0.649625   1.791004  0.133295  0.031982

Simple entropy table:
simple_entropy
(-0.135, 6.73]          38579
(6.73, 13.461]         230819
(13.461, 20.191]      1913305
(20.191, 26.921]      2582065
(26.921, 33.651]      6743281
(33.651, 40.382]       436573
(40.382, 47.112]       194720
(47.112, 53.842]        84207
(53.842, 60.573]        31273
(60.573, 67.303]        16449
(67.303, 74.033]         7325
(74.033, 80.764]         3194
(80.764, 87.494]         1068
(87.494, 94.224]          318
(94.224, 100.954]         161
(100.954, 107.685]         83
(107.685, 114.415]         57
(114.415, 121.145]         19
(121.145, 127.876]         17
(127.876, 134.606]          1

Shannon Entropy table:
shannon_entropy
(-0.00481, 0.24]      17804
(0.24, 0.481]           221
(0.481, 0.721]         3119
(0.721, 0.961]         8437
(0.961, 1.202]        22855
(1.202, 1.442]        12279
(1.442, 1.683]        82502
(1.683, 1.923]       218180
(1.923, 2.163]       242065
(2.163, 2.404]       649117
(2.404, 2.644]      1693434
(2.644, 2.884]      2461852
(2.884, 3.125]      5129830
(3.125, 3.365]      1511198
(3.365, 3.606]       192264
(3.606, 3.846]        32939
(3.846, 4.086]         4585
(4.086, 4.327]          799
(4.327, 4.567]           16
(4.567, 4.807]           18

Password in most 100 most commmon:
   common     count
0   False  12144291
1    True    139223

Score Distribution:
score
0     561913
1    2748643
2    2298160
3    6358015
4     316783
Name: Password, dtype: int64

Guesses Interval Count:
guesses
(2.0, 48.526]                                       129935
(48.526, 1177.408]                                  424521
(1177.408, 28567.714]                              1163415
(28567.714, 693144.843]                            1253538
(693144.843, 16817928.305]                         1407644
(16817928.305, 408057154.674]                      1680951
(408057154.674, 9900781978.606]                     970116
(9900781978.606, 240224886796.286]                 5061590
(240224886796.286, 5828630138607.608]                92311
(5828630138607.608, 141421356237309.5]               38010
(141421356237309.5, 3431337985837229.5]              13787
(3431337985837229.5, 8.325532074018731e+16]           6481
(8.325532074018731e+16, 2.020042461617265e+18]        2836
(2.020042461617265e+18, 4.901274189394899e+19]        1263
(4.901274189394899e+19, 1.189207115002721e+21]         774
(1.189207115002721e+21, 2.8853998118144274e+22]         90
(2.8853998118144274e+22, 7.000910076122174e+23]         75
(7.000910076122174e+23, 1.6986464646342473e+25]         43
(1.6986464646342473e+25, 4.121463896037726e+26]         28
(4.121463896037726e+26, 1e+28]                          10
