Total users read: 4779956

20 Most Common Passwords:
Password
123456         24957
123456789       4650
12345678        3954
password        2806
1234567890      1533
P@ssw0rd        1302
qwerty           916
1234567          741
sunshine         740
qwerty123        734
password1        710
h85vDg#g7xB      706
J@sk!rat123      682
o2qt76gzBF       681
1q2w3e4r         678
abc123           672
g_czechout       645
1qaz2wsx         643
Password1        600
123123           587
Name: count, dtype: int64

Password Length Distribution:
length
1           2
2           1
4           2
5         497
6      335503
7      233120
8     1545057
9      983446
10     739953
11     388853
12     246881
13     129401
14      77536
15      42810
16      25418
17       9734
18       6605
19       4068
20       3130
21       1702
22       1364
23       1103
24       1182
25        916
26        463
27        445
28        427
29        116
30        221

Password mask:
mask                  d        ds          l         ld       lds        ls         lu        lud       luds       lus         s  total         u        ud       uds        us
Length Group                                                                                                                                                                   
smaller        6.175299  0.398406  55.577689   4.382470       NaN  0.398406  28.087649   2.390438   0.398406       NaN  0.398406  100.0  1.593625  0.199203       NaN       NaN
6             40.027958  0.034575  32.108804  24.179814  0.121012  0.150222   1.141570   1.547229   0.025633  0.022056  0.003279  100.0  0.229804  0.395227  0.009538  0.003279
7             11.053106  0.097804  36.790494  44.019818  0.594973  0.359043   1.469200   4.515700   0.153569  0.051476  0.001287  100.0  0.232927  0.631863  0.022735  0.006005
8              8.356909  0.069188  11.627273  51.395385  1.178080  0.215979   0.598878  21.375263   4.307996  0.055661  0.001036  100.0  0.096501  0.677386  0.040193  0.004272
9              2.117961  0.082160  11.527222  48.903143  1.792371  0.330674   0.625555  23.702572  10.059627  0.074229  0.000407  100.0  0.077279  0.647722  0.053689  0.005389
10             4.051609  0.106223  11.462620  44.704731  1.745787  0.456921   0.593011  24.795494  11.328152  0.072978  0.001081  100.0  0.079059  0.552332  0.045138  0.004865
bigger         1.044170  0.059849  15.217509  42.400955  2.631755  1.218835   0.665659  22.800796  13.226051  0.120653  0.000424  100.0  0.080541  0.471893  0.051784  0.009126

Simple entropy table:
simple_entropy
(-0.141, 7.051]         11431
(7.051, 14.101]        229888
(14.101, 21.152]       877005
(21.152, 28.203]      1909200
(28.203, 35.253]      1067318
(35.253, 42.304]       407263
(42.304, 49.355]       162982
(49.355, 56.405]        67672
(56.405, 63.456]        25207
(63.456, 70.507]         9188
(70.507, 77.557]         3639
(77.557, 84.608]         2834
(84.608, 91.659]         1833
(91.659, 98.709]         1456
(98.709, 105.76]         1286
(105.76, 112.811]         976
(112.811, 119.861]        433
(119.861, 126.912]        215
(126.912, 133.963]         92
(133.963, 141.013]         38

Shannon Entropy table:
shannon_entropy
(-0.00479, 0.239]       3699
(0.239, 0.479]            79
(0.479, 0.718]          1024
(0.718, 0.958]          3268
(0.958, 1.197]          8845
(1.197, 1.437]          6696
(1.437, 1.676]         39778
(1.676, 1.916]         63962
(1.916, 2.155]        111736
(2.155, 2.395]        310305
(2.395, 2.634]        687357
(2.634, 2.873]       1129498
(2.873, 3.113]       1278108
(3.113, 3.352]        875288
(3.352, 3.592]        215299
(3.592, 3.831]         34835
(3.831, 4.071]          7405
(4.071, 4.31]           2121
(4.31, 4.55]             602
(4.55, 4.789]             51

Password in most 100 most commmon:
   common    count
0   False  4722072
1    True    57884

Score Distribution:
score
0     163259
1    1654513
2    1558783
3    1060925
4     342476
Name: Password, dtype: int64

Guesses Interval Count:
guesses
(2.0, 61.091]                                         40626
(61.091, 1866.066]                                   130374
(1866.066, 57000.084]                                732006
(57000.084, 1741101.127]                            1117570
(1741101.127, 53182958.969]                          891432
(53182958.969, 1624504792.712]                      1254993
(1624504792.712, 49621455306.045]                    343929
(49621455306.045, 1515716566510.401]                 154753
(1515716566510.401, 46298454888609.3]                 49016
(46298454888609.3, 1414213562373095.2]                19876
(1414213562373095.2, 4.319798586825116e+16]            7720
(4.319798586825116e+16, 1.319507910772903e+18]         4055
(1.319507910772903e+18, 4.030514598301905e+19]         2293
(4.030514598301905e+19, 1.2311444133449223e+21]        2384
(1.2311444133449223e+21, 3.760603093086394e+22]        1220
(3.760603093086394e+22, 1.1486983549970388e+24]        1372
(1.1486983549970388e+24, 3.5087667539249917e+25]        772
(3.5087667539249917e+25, 1.071773462536295e+27]         260
(1.071773462536295e+27, 3.2737951410195228e+28]         119
(3.2737951410195228e+28, 1e+30]                         228
