Total users read: 193984

20 Most Common Passwords:
Password
123456           1698
Groupd2013       1093
password          813
iG4abOX4          389
Sojdlg123aljg     322
qwerty            288
123456789         241
abc123            189
12345678          187
football          178
fuckyou           173
111111            154
jordan23          152
3Qdlqb49jS        151
dipset            150
jordan            145
0                 143
wow12345          136
1234567           128
eqeS606898        119
Name: count, dtype: int64

Password Length Distribution:
length
1       159
2        16
3        41
4       103
5     37421
6     42571
7     30852
8     38741
9     17505
10    20752
11     3146
12     1383
13      811
14      270
15      110
16       68
17       16
18        5
19       10
20        3
32        1

Password mask:
mask                  d        ds          l         ld       lds        ls        lu        lud      luds       lus         s  total         u        ud       uds        us
Length Group                                                                                                                                                                 
smaller       99.870164       NaN   0.090090   0.002650       NaN       NaN  0.005299        NaN       NaN       NaN       NaN  100.0  0.007949       NaN       NaN  0.023847
6             18.296493  0.021141  53.160602  25.219046  0.082216  0.253694  0.810411   0.455709  0.011745  0.018792  0.037584  100.0  0.998332  0.622489  0.007047  0.004698
7              7.484118  0.019448  47.799170  39.653831  0.243096  0.489433  0.852457   1.231687  0.045378  0.022689  0.006483  100.0  1.027486  1.098794  0.006483  0.019448
8              5.219277  0.020650  38.318577  48.687437  0.307168  0.366537  0.712424   4.290029  0.260706  0.033556  0.012906  100.0  0.696936  1.060892  0.002581  0.010325
9              3.290488       NaN  33.047701  54.778635  0.428449  0.542702  0.588403   4.815767  0.234219  0.028563  0.011425  100.0  0.725507  1.462439  0.017138  0.028563
10             0.930031  0.009638  15.188897  26.503470  0.269854  0.260216  0.289129  55.180224  0.159021  0.043369       NaN  100.0  0.255397  0.886662  0.009638  0.014456
bigger         1.322342  0.051520  37.832732  40.941096  0.635411  0.343466  0.841491  15.644857  0.532372  0.034347  0.017173  100.0  0.978877  0.772798  0.051520       NaN

Simple entropy table:
simple_entropy
(-0.125, 6.251]       2535
(6.251, 12.502]      45128
(12.502, 18.753]     58016
(18.753, 25.004]     47217
(25.004, 31.255]     22236
(31.255, 37.506]     16255
(37.506, 43.757]      1992
(43.757, 50.008]       373
(50.008, 56.259]       151
(56.259, 62.51]         56
(62.51, 68.761]         23
(81.263, 87.514]         1
(118.769, 125.02]        1

Shannon Entropy table:
shannon_entropy
(-0.00432, 0.216]      973
(0.432, 0.648]          65
(0.648, 0.864]         270
(0.864, 1.08]         1541
(1.08, 1.297]          240
(1.297, 1.513]        4029
(1.513, 1.729]        5853
(1.729, 1.945]       25457
(1.945, 2.161]        4513
(2.161, 2.377]       32230
(2.377, 2.593]       42083
(2.593, 2.809]       33179
(2.809, 3.025]       22074
(3.025, 3.241]       12733
(3.241, 3.458]        8097
(3.458, 3.674]         609
(3.674, 3.89]           27
(3.89, 4.106]           10
(4.106, 4.322]           1

Password in most 100 most commmon:
   common   count
0   False  187016
1    True    6968

Score Distribution:
score
0     25145
1    124283
2     26971
3     16704
4       881
Name: Password, dtype: int64

Guesses Interval Count:
guesses
(2.0, 73.079]                                       7783
(73.079, 2670.283]                                 24007
(2670.283, 97571.026]                              76733
(97571.026, 3565204.916]                           47959
(3565204.916, 130271112.487]                       19703
(130271112.487, 4760052549.193]                     5415
(4760052549.193, 173930350624.903]                 10339
(173930350624.903, 6355343046292.877]                249
(6355343046292.877, 232221605320447.28]               74
(232221605320447.28, 8485281374238575.0]              15
(8485281374238575.0, 3.100486705388408e+17]            4
(9.852328311606864e+29, 3.6000000000000036e+31]        1
