Total users read 81618257 
20 most common passwords 
Password
123456        375246
12345         167355
password      125753
123456789      83810
family         53667
qwerty         42099
myheritage     39494
12345678       39319
iloveyou       33417
heritage       30074
111111         29242
princess       26427
familia        26374
1234567        25445
abc123         23850
123123         23742
monkey         22413
sunshine       21173
familytree     21051
password1      20834
Name: count, dtype: int64 
Length: 
length
1           153
2           729
3          2866
4         18169
5       2156209
6      47014820
7       7097104
8      12713871
9       5839508
10      3682436
11      1474709
12       821437
13       354921
14       190437
15        96288
16        57694
17        16631
18        14723
19         5072
20        10847
21         1339
22         6952
23          581
24         5801
25          350
26         7737
27          218
28         3407
29           89
30        10371
31           61
32          740
33           28
34         4648
35           11
36          622
37           36
38         2994
39           12
40          259
41           20
42         1670
43           10
44           76
46          638
47            8
48          136
49            6
50          231
52           14
54          282
56            6
58           44
60           62
62           30
64            2
66           84
72           26
78           31
102           1 
table 
mask                  d        ds          l         ld       lds        ls        lu        lud      luds       lus         s  total         u        ud       uds        us
Length Group                                                                                                                                                                 
smaller       19.351222  0.112987  66.120739   9.248271  0.017446  0.227994  2.949370   0.261647  0.001745  0.010697  0.069647  100.0  1.397256  0.214634  0.000780  0.015564
6              6.786373  0.006870  21.733998  70.564928  0.020681  0.075440  0.364668   0.162253  0.002550  0.004645  0.004218  100.0  0.186484  0.084644  0.000644  0.001604
7             10.386814  0.063167  49.729059  33.937913  0.299953  0.654985  1.800213   1.745275  0.043257  0.054262  0.004650  100.0  0.776246  0.485621  0.007397  0.011188
8             13.298263  0.050488  28.906538  47.601411  0.519220  0.546419  1.000718   6.513492  0.376274  0.063482  0.003547  100.0  0.386538  0.603632  0.120577  0.009399
9              3.386022  0.057762  29.454656  53.146977  0.866152  0.952221  1.169345   9.048519  0.744138  0.093724  0.003699  100.0  0.388406  0.655124  0.020053  0.013203
10             2.792798  0.124347  27.948646  53.162010  1.005286  1.008680  1.057805  10.765727  1.030867  0.107157  0.009613  100.0  0.330732  0.620812  0.021317  0.014203
bigger         1.589546  0.078645  26.996739  49.535149  1.731928  1.179184  0.904607  12.956798  3.890419  0.179796  0.007082  100.0  0.318265  0.572405  0.039516  0.019920 
entropy
(-0.366, 18.283]      54976087
(18.283, 36.567]      25127624
(36.567, 54.85]        1361094
(54.85, 73.133]          93415
(73.133, 91.417]         21693
(91.417, 109.7]          14090
(109.7, 127.983]         12782
(127.983, 146.266]        5781
(146.266, 164.55]         3230
(164.55, 182.833]         1184
(182.833, 201.116]         717
(201.116, 219.4]           260
(219.4, 237.683]           174
(237.683, 255.966]          36
(255.966, 274.25]           39
(274.25, 292.533]           50
(347.383, 365.666]           1
 Password is common:
   common     count
0   False  80037419
1    True   1580838