Total users read: 883693

20 Most Common Passwords:
Password
123456        14857
123456789      5337
password       3273
qwerty         2213
12345          1773
12345678       1769
pspiso         1401
123123         1364
1234567890     1189
pokemon        1113
abc123          971
111111          967
1234567         928
naruto          758
dragon          755
000000          719
1234            719
iloveyou        663
shadow          530
asdasd          528
Name: count, dtype: int64

Password Length Distribution:
length
4      10651
5      18650
6     219024
7     138898
8     222208
9     124028
10     79858
11     34730
12     20205
13      7494
14      4167
15      1938
16      1050
17       309
18       236
19       108
20        87
21        21
22        15
23         6
24        10

Password mask:
mask                  d        ds          l         ld       lds        ls        lu       lud      luds       lus         s  total         u        ud       uds        us
Length Group                                                                                                                                                                
smaller       28.449541  0.061431  62.967134   5.443500  0.020477  0.116037  1.720078  0.245725  0.003413  0.006826  0.027303  100.0  0.784956  0.126276       NaN  0.027303
6             34.856911  0.013697  45.243900  17.805355  0.053875  0.131949  0.811783  0.444700  0.006849  0.013697  0.011871  100.0  0.391738  0.206827  0.004109  0.002739
7             17.515011  0.046077  46.974039  31.826952  0.224625  0.284381  1.081369  1.318234  0.041037  0.030238  0.002880  100.0  0.322539  0.317499  0.010079  0.005040
8             17.226653  0.030602  34.600014  42.110095  0.317720  0.214214  0.865855  3.834245  0.102607  0.038702  0.001350  100.0  0.272267  0.369474  0.013951  0.002250
9             11.232947  0.033863  34.421260  47.263521  0.498275  0.348308  0.916728  4.420776  0.140291  0.042732  0.000806  100.0  0.244300  0.420873  0.010482  0.004838
10             9.282727  0.062611  34.603922  48.402164  0.603571  0.394450  0.907861  4.856120  0.157780  0.061359  0.007513  100.0  0.226652  0.418242  0.011270  0.003757
bigger         5.474878  0.068205  38.949358  46.780152  0.825566  0.450438  1.031602  5.473457  0.251506  0.048312       NaN  100.0  0.271399  0.363760  0.007105  0.004263

Simple entropy table:
simple_entropy
(-0.102, 5.098]       7912
(5.098, 10.195]      41313
(10.195, 15.293]    129198
(15.293, 20.39]     257772
(20.39, 25.488]     232418
(25.488, 30.585]    113434
(30.585, 35.683]     58405
(35.683, 40.78]      25065
(40.78, 45.878]      10584
(45.878, 50.975]      4434
(50.975, 56.073]      1791
(56.073, 61.17]        814
(61.17, 66.268]        235
(66.268, 71.365]       153
(71.365, 76.463]        82
(76.463, 81.56]         36
(81.56, 86.658]         34
(86.658, 91.755]         6
(91.755, 96.853]         5
(96.853, 101.95]         2

Shannon Entropy table:
shannon_entropy
(-0.00446, 0.223]      6611
(0.223, 0.446]            9
(0.446, 0.669]          650
(0.669, 0.892]          556
(0.892, 1.115]         8728
(1.115, 1.338]         1881
(1.338, 1.561]        14738
(1.561, 1.784]        16652
(1.784, 2.007]        69515
(2.007, 2.23]         23128
(2.23, 2.453]        135403
(2.453, 2.676]       209320
(2.676, 2.899]       164138
(2.899, 3.122]       137060
(3.122, 3.345]        82198
(3.345, 3.568]        10039
(3.568, 3.791]         2671
(3.791, 4.013]          325
(4.013, 4.236]           33
(4.236, 4.459]           38

Password in most 100 most commmon:
   common   count
0   False  830469
1    True   53224

Score Distribution:
score
0    133883
1    456378
2    201004
3     78056
4     14372
Name: Password, dtype: int64

Guesses Interval Count:
guesses
(2.0, 28.295]                                        31494
(28.295, 400.311]                                    57953
(400.311, 5663.461]                                  94374
(5663.461, 80124.611]                               206437
(80124.611, 1133574.114]                            198610
(1133574.114, 16037397.913]                         121248
(16037397.913, 226891324.164]                        93616
(226891324.164, 3209976659.669]                      39475
(3209976659.669, 45413592580.377]                    16003
(45413592580.377, 642495136169.918]                   5724
(642495136169.918, 9089789566227.043]                 2725
(9089789566227.043, 128599065902405.5]                 746
(128599065902405.5, 1819373224262182.0]                229
(1819373224262182.0, 2.573983649052491e+16]             75
(2.573983649052491e+16, 3.641579274245093e+17]          26
(3.641579274245093e+17, 5.151975077810945e+18]          16
(5.151975077810945e+18, 7.28882861073716e+19]            1
(7.28882861073716e+19, 1.0311971955282537e+21]           2
(1.0311971955282537e+21, 1.4589006174447315e+22]         2
